ID,label
0,9
1,3
2,6
3,8
4,9
5,7
6,1
7,9
8,8
9,8
10,8
11,3
12,8
13,8
14,2
15,9
16,6
17,7
18,8
19,4
20,2
21,7
22,8
23,7
24,5
25,0
26,0
27,2
28,7
29,3
30,9
31,9
32,4
33,5
34,5
35,2
36,2
37,8
38,8
39,5
40,1
41,7
42,1
43,4
44,9
45,7
46,1
47,1
48,2
49,0
50,8
51,6
52,2
53,5
54,1
55,5
56,7
57,7
58,4
59,2
60,6
61,7
62,3
63,0
64,0
65,2
66,5
67,1
68,8
69,4
70,7
71,0
72,0
73,6
74,3
75,6
76,2
77,8
78,1
79,3
80,2
81,4
82,3
83,0
84,2
85,3
86,0
87,5
88,6
89,9
90,0
91,9
92,2
93,0
94,6
95,4
96,4
97,9
98,2
99,3
100,6
101,7
102,8
103,9
104,8
105,4
106,5
107,1
108,4
109,2
110,3
111,0
112,6
113,7
114,6
115,6
116,3
117,7
118,3
119,8
120,9
121,3
122,6
123,3
124,0
125,1
126,1
127,5
128,7
129,0
130,1
131,3
132,4
133,3
134,8
135,7
136,0
137,7
138,6
139,6
140,2
141,1
142,3
143,4
144,7
145,9
146,7
147,4
148,2
149,6
150,7
151,0
152,7
153,2
154,5
155,0
156,2
157,6
158,4
159,1
160,5
161,9
162,0
163,9
164,7
165,4
166,6
167,6
168,6
169,2
170,1
171,1
172,3
173,5
174,3
175,5
176,3
177,9
178,5
179,8
180,1
181,6
182,4
183,5
184,5
185,2
186,0
187,2
188,5
189,3
190,3
191,7
192,8
193,7
194,5
195,8
196,0
197,3
198,5
199,8
200,8
201,1
202,3
203,3
204,7
205,2
206,7
207,3
208,5
209,2
210,4
211,6
212,0
213,4
214,1
215,0
216,2
217,1
218,1
219,4
220,3
221,5
222,3
223,1
224,6
225,8
226,7
227,3
228,6
229,0
230,5
231,6
232,8
233,3
234,0
235,6
236,7
237,5
238,5
239,9
240,5
241,2
242,8
243,2
244,4
245,1
246,1
247,9
248,3
249,4
250,4
251,1
252,2
253,3
254,7
255,6
256,8
257,8
258,8
259,5
260,3
261,6
262,4
263,7
264,1
265,8
266,2
267,5
268,6
269,4
270,3
271,0
272,5
273,9
274,0
275,0
276,8
277,8
278,4
279,6
280,9
281,1
282,9
283,2
284,2
285,6
286,4
287,0
288,7
289,1
290,6
291,3
292,7
293,6
294,9
295,3
296,9
297,7
298,0
299,7
300,9
301,3
302,3
303,5
304,5
305,4
306,3
307,1
308,0
309,0
310,9
311,7
312,5
313,3
314,7
315,5
316,5
317,8
318,3
319,4
320,7
321,0
322,7
323,6
324,8
325,1
326,3
327,5
328,9
329,8
330,5
331,9
332,8
333,8
334,5
335,5
336,6
337,5
338,8
339,3
340,1
341,2
342,2
343,1
344,9
345,2
346,4
347,3
348,5
349,0
350,3
351,6
352,3
353,8
354,6
355,0
356,7
357,6
358,3
359,5
360,8
361,1
362,0
363,3
364,5
365,7
366,1
367,3
368,0
369,6
370,0
371,8
372,7
373,1
374,3
375,8
376,9
377,1
378,8
379,5
380,1
381,4
382,4
383,9
384,6
385,8
386,5
387,0
388,3
389,0
390,6
391,2
392,3
393,0
394,3
395,0
396,2
397,1
398,4
399,9
400,0
401,8
402,7
403,5
404,4
405,7
406,2
407,2
408,8
409,2
410,2
411,5
412,0
413,7
414,8
415,4
416,5
417,9
418,0
419,8
420,3
421,9
422,7
423,3
424,6
425,8
426,4
427,0
428,7
429,4
430,2
431,8
432,6
433,7
434,9
435,3
436,9
437,0
438,9
439,6
440,1
441,7
442,6
443,4
444,4
445,3
446,0
447,2
448,3
449,6
450,2
451,8
452,0
453,5
454,2
455,6
456,5
457,6
458,4
459,3
460,5
461,2
462,3
463,7
464,1
465,7
466,4
467,1
468,2
469,4
470,1
471,9
472,5
473,2
474,8
475,9
476,6
477,3
478,8
479,7
480,2
481,9
482,1
483,6
484,1
485,3
486,7
487,0
488,6
489,0
490,4
491,2
492,8
493,1
494,1
495,7
496,5
497,8
498,4
499,5
500,9
501,0
502,2
503,9
504,2
505,9
506,4
507,4
508,6
509,0
510,4
511,0
512,3
513,3
514,2
515,3
516,6
517,3
518,9
519,8
520,9
521,2
522,4
523,2
524,4
525,2
526,9
527,7
528,5
529,9
530,9
531,8
532,4
533,3
534,2
535,9
536,1
537,5
538,9
539,2
540,6
541,2
542,5
543,9
544,5
545,1
546,9
547,5
548,9
549,3
550,7
551,0
552,7
553,0
554,7
555,0
556,9
557,5
558,1
559,7
560,8
561,3
562,8
563,3
564,8
565,5
566,8
567,3
568,8
569,4
570,5
571,6
572,3
573,8
574,3
575,9
576,9
577,9
578,1
579,3
580,9
581,6
582,3
583,9
584,5
585,4
586,0
587,0
588,8
589,5
590,8
591,3
592,8
593,4
594,9
595,5
596,7
597,5
598,5
599,3
600,0
601,4
602,2
603,3
604,4
605,1
606,1
607,4
608,3
609,2
610,1
611,2
612,7
613,8
614,9
615,6
616,9
617,5
618,8
619,4
620,4
621,5
622,0
623,4
624,8
625,4
626,7
627,1
628,8
629,4
630,0
631,8
632,0
633,4
634,0
635,4
636,5
637,4
638,5
639,0
640,5
641,6
642,3
643,2
644,4
645,4
646,4
647,6
648,4
649,2
650,4
651,6
652,3
653,7
654,0
655,2
656,2
657,0
658,2
659,6
660,9
661,0
662,3
663,6
664,4
665,7
666,9
667,8
668,3
669,0
670,7
671,6
672,2
673,5
674,5
675,6
676,8
677,9
678,9
679,5
680,8
681,5
682,2
683,3
684,6
685,0
686,4
687,3
688,8
689,5
690,0
691,3
692,7
693,6
694,1
695,2
696,5
697,6
698,4
699,7
700,2
701,4
702,4
703,7
704,2
705,3
706,5
707,4
708,8
709,7
710,9
711,7
712,0
713,8
714,2
715,7
716,0
717,2
718,3
719,0
720,3
721,6
722,4
723,8
724,2
725,2
726,7
727,7
728,9
729,1
730,3
731,7
732,9
733,4
734,3
735,0
736,9
737,8
738,3
739,6
740,4
741,4
742,4
743,8
744,5
745,0
746,1
747,9
748,2
749,6
750,7
751,5
752,1
753,5
754,3
755,8
756,1
757,4
758,0
759,5
760,5
761,7
762,9
763,7
764,7
765,9
766,7
767,3
768,4
769,2
770,9
771,9
772,4
773,5
774,8
775,8
776,2
777,0
778,8
779,5
780,5
781,2
782,7
783,2
784,1
785,5
786,0
787,2
788,0
789,6
790,8
791,3
792,1
793,3
794,3
795,2
796,6
797,5
798,6
799,9
800,1
801,6
802,1
803,0
804,5
805,8
806,5
807,9
808,6
809,3
810,4
811,3
812,0
813,4
814,6
815,2
816,3
817,6
818,9
819,9
820,1
821,7
822,2
823,1
824,1
825,2
826,6
827,3
828,6
829,1
830,1
831,9
832,9
833,6
834,0
835,1
836,4
837,1
838,3
839,4
840,4
841,6
842,4
843,3
844,5
845,9
846,7
847,0
848,7
849,2
850,1
851,4
852,2
853,6
854,4
855,3
856,6
857,1
858,5
859,2
860,7
861,9
862,4
863,1
864,6
865,4
866,6
867,0
868,4
869,2
870,2
871,3
872,2
873,8
874,8
875,0
876,8
877,7
878,9
879,5
880,6
881,6
882,9
883,3
884,4
885,3
886,1
887,3
888,1
889,0
890,7
891,0
892,8
893,7
894,9
895,4
896,9
897,1
898,8
899,4
900,6
901,9
902,5
903,7
904,1
905,3
906,2
907,7
908,5
909,8
910,8
911,6
912,7
913,9
914,2
915,5
916,8
917,3
918,4
919,2
920,6
921,1
922,2
923,3
924,4
925,4
926,8
927,2
928,2
929,4
930,4
931,5
932,1
933,3
934,8
935,3
936,7
937,8
938,1
939,1
940,3
941,3
942,5
943,4
944,7
945,8
946,7
947,9
948,4
949,9
950,5
951,0
952,5
953,0
954,7
955,2
956,1
957,8
958,5
959,4
960,4
961,3
962,2
963,7
964,2
965,3
966,0
967,7
968,8
969,4
970,0
971,8
972,9
973,9
974,4
975,5
976,8
977,6
978,3
979,3
980,3
981,6
982,8
983,4
984,4
985,1
986,5
987,1
988,6
989,1
990,1
991,6
992,6
993,0
994,6
995,2
996,9
997,1
998,1
999,1
1000,5
1001,1
1002,3
1003,0
1004,5
1005,6
1006,5
1007,6
1008,0
1009,2
1010,8
1011,2
1012,6
1013,3
1014,4
1015,6
1016,9
1017,5
1018,3
1019,4
1020,2
1021,2
1022,3
1023,9
1024,9
1025,4
1026,0
1027,3
1028,5
1029,2
1030,8
1031,9
1032,8
1033,2
1034,2
1035,9
1036,7
1037,7
1038,9
1039,5
1040,8
1041,7
1042,4
1043,5
1044,5
1045,5
1046,6
1047,4
1048,3
1049,9
1050,9
1051,3
1052,8
1053,9
1054,5
1055,4
1056,7
1057,2
1058,7
1059,1
1060,6
1061,4
1062,3
1063,5
1064,8
1065,1
1066,7
1067,9
1068,4
1069,3
1070,4
1071,9
1072,1
1073,5
1074,6
1075,8
1076,6
1077,8
1078,0
1079,4
1080,2
1081,9
1082,6
1083,2
1084,3
1085,2
1086,2
1087,9
1088,8
1089,1
1090,1
1091,0
1092,4
1093,7
1094,0
1095,6
1096,0
1097,9
1098,8
1099,8
1100,0
1101,9
1102,2
1103,6
1104,3
1105,0
1106,5
1107,7
1108,5
1109,7
1110,0
1111,8
1112,5
1113,0
1114,9
1115,0
1116,6
1117,7
1118,8
1119,0
1120,9
1121,0
1122,7
1123,4
1124,8
1125,7
1126,1
1127,1
1128,4
1129,3
1130,7
1131,8
1132,6
1133,9
1134,5
1135,7
1136,1
1137,4
1138,3
1139,3
1140,0
1141,5
1142,7
1143,5
1144,9
1145,8
1146,5
1147,5
1148,4
1149,0
1150,5
1151,9
1152,1
1153,6
1154,4
1155,1
1156,4
1157,4
1158,1
1159,0
1160,7
1161,9
1162,0
1163,3
1164,0
1165,3
1166,0
1167,7
1168,9
1169,8
1170,3
1171,3
1172,6
1173,3
1174,1
1175,7
1176,6
1177,0
1178,7
1179,7
1180,1
1181,7
1182,5
1183,3
1184,3
1185,5
1186,5
1187,5
1188,4
1189,7
1190,9
1191,9
1192,5
1193,3
1194,3
1195,3
1196,6
1197,7
1198,9
1199,4
1200,4
1201,4
1202,3
1203,4
1204,6
1205,7
1206,6
1207,4
1208,5
1209,3
1210,9
1211,5
1212,2
1213,1
1214,9
1215,4
1216,1
1217,6
1218,5
1219,2
1220,5
1221,3
1222,7
1223,0
1224,0
1225,7
1226,3
1227,6
1228,9
1229,6
1230,7
1231,1
1232,8
1233,8
1234,6
1235,7
1236,5
1237,1
1238,3
1239,8
1240,8
1241,5
1242,9
1243,6
1244,0
1245,9
1246,8
1247,8
1248,1
1249,4
1250,8
1251,3
1252,3
1253,9
1254,1
1255,2
1256,8
1257,3
1258,7
1259,5
1260,1
1261,2
1262,6
1263,3
1264,9
1265,4
1266,0
1267,0
1268,3
1269,0
1270,3
1271,4
1272,7
1273,4
1274,0
1275,7
1276,2
1277,2
1278,3
1279,8
1280,6
1281,5
1282,3
1283,2
1284,6
1285,9
1286,8
1287,7
1288,4
1289,0
1290,4
1291,7
1292,7
1293,6
1294,0
1295,3
1296,7
1297,2
1298,2
1299,3
1300,3
1301,7
1302,3
1303,5
1304,3
1305,2
1306,3
1307,7
1308,2
1309,9
1310,2
1311,1
1312,2
1313,4
1314,0
1315,8
1316,3
1317,7
1318,3
1319,5
1320,2
1321,7
1322,1
1323,2
1324,3
1325,8
1326,4
1327,2
1328,5
1329,0
1330,1
1331,2
1332,3
1333,4
1334,3
1335,0
1336,0
1337,8
1338,8
1339,1
1340,0
1341,9
1342,3
1343,4
1344,5
1345,6
1346,4
1347,9
1348,5
1349,5
1350,1
1351,6
1352,1
1353,5
1354,8
1355,6
1356,7
1357,1
1358,0
1359,6
1360,0
1361,3
1362,6
1363,3
1364,7
1365,1
1366,4
1367,8
1368,1
1369,7
1370,1
1371,4
1372,1
1373,8
1374,8
1375,3
1376,7
1377,3
1378,2
1379,8
1380,6
1381,9
1382,2
1383,3
1384,8
1385,6
1386,7
1387,1
1388,9
1389,0
1390,1
1391,1
1392,3
1393,6
1394,8
1395,3
1396,6
1397,1
1398,4
1399,7
1400,6
1401,5
1402,4
1403,3
1404,6
1405,3
1406,9
1407,0
1408,6
1409,4
1410,9
1411,3
1412,2
1413,4
1414,3
1415,8
1416,4
1417,1
1418,0
1419,2
1420,3
1421,6
1422,7
1423,0
1424,3
1425,7
1426,1
1427,0
1428,4
1429,8
1430,1
1431,9
1432,6
1433,7
1434,7
1435,6
1436,5
1437,8
1438,5
1439,5
1440,7
1441,7
1442,0
1443,3
1444,4
1445,6
1446,6
1447,2
1448,4
1449,5
1450,9
1451,5
1452,7
1453,2
1454,2
1455,5
1456,9
1457,7
1458,1
1459,2
1460,9
1461,2
1462,0
1463,8
1464,2
1465,6
1466,1
1467,7
1468,2
1469,3
1470,8
1471,3
1472,4
1473,9
1474,0
1475,2
1476,8
1477,6
1478,1
1479,0
1480,1
1481,2
1482,4
1483,5
1484,6
1485,8
1486,8
1487,3
1488,3
1489,9
1490,4
1491,6
1492,3
1493,9
1494,0
1495,3
1496,2
1497,4
1498,0
1499,6
1500,5
1501,7
1502,4
1503,9
1504,4
1505,5
1506,7
1507,7
1508,4
1509,8
1510,9
1511,1
1512,9
1513,2
1514,6
1515,6
1516,7
1517,7
1518,7
1519,0
1520,7
1521,0
1522,4
1523,5
1524,8
1525,8
1526,3
1527,0
1528,0
1529,0
1530,9
1531,1
1532,3
1533,5
1534,3
1535,0
1536,0
1537,7
1538,0
1539,2
1540,9
1541,4
1542,4
1543,9
1544,8
1545,3
1546,8
1547,3
1548,2
1549,9
1550,3
1551,0
1552,7
1553,3
1554,2
1555,9
1556,7
1557,3
1558,7
1559,3
1560,2
1561,5
1562,2
1563,5
1564,5
1565,7
1566,8
1567,5
1568,5
1569,7
1570,0
1571,4
1572,7
1573,2
1574,0
1575,3
1576,2
1577,5
1578,2
1579,7
1580,0
1581,7
1582,8
1583,4
1584,0
1585,3
1586,4
1587,0
1588,3
1589,0
1590,5
1591,2
1592,7
1593,4
1594,4
1595,9
1596,7
1597,0
1598,0
1599,3
1600,6
1601,3
1602,6
1603,5
1604,7
1605,1
1606,1
1607,8
1608,4
1609,2
1610,6
1611,6
1612,9
1613,8
1614,1
1615,1
1616,0
1617,3
1618,2
1619,0
1620,6
1621,4
1622,6
1623,8
1624,7
1625,4
1626,1
1627,3
1628,3
1629,7
1630,3
1631,9
1632,7
1633,3
1634,8
1635,5
1636,0
1637,2
1638,6
1639,5
1640,9
1641,5
1642,8
1643,1
1644,6
1645,1
1646,9
1647,9
1648,8
1649,7
1650,3
1651,6
1652,4
1653,9
1654,9
1655,2
1656,2
1657,8
1658,0
1659,0
1660,0
1661,9
1662,5
1663,2
1664,6
1665,8
1666,9
1667,4
1668,5
1669,9
1670,8
1671,5
1672,1
1673,9
1674,4
1675,1
1676,5
1677,9
1678,8
1679,4
1680,6
1681,5
1682,7
1683,3
1684,9
1685,8
1686,4
1687,3
1688,3
1689,2
1690,5
1691,9
1692,4
1693,3
1694,9
1695,3
1696,7
1697,4
1698,7
1699,0
1700,6
1701,2
1702,7
1703,0
1704,8
1705,6
1706,3
1707,8
1708,7
1709,1
1710,1
1711,1
1712,5
1713,8
1714,6
1715,2
1716,9
1717,7
1718,9
1719,7
1720,5
1721,9
1722,1
1723,7
1724,7
1725,4
1726,7
1727,0
1728,0
1729,0
1730,3
1731,0
1732,2
1733,3
1734,9
1735,0
1736,4
1737,4
1738,8
1739,9
1740,0
1741,8
1742,9
1743,3
1744,9
1745,1
1746,2
1747,4
1748,4
1749,1
1750,5
1751,6
1752,0
1753,5
1754,3
1755,0
1756,8
1757,0
1758,6
1759,4
1760,0
1761,0
1762,8
1763,8
1764,4
1765,7
1766,9
1767,0
1768,5
1769,4
1770,6
1771,9
1772,5
1773,8
1774,2
1775,9
1776,3
1777,9
1778,0
1779,0
1780,2
1781,8
1782,6
1783,7
1784,6
1785,5
1786,2
1787,4
1788,4
1789,0
1790,3
1791,2
1792,6
1793,7
1794,4
1795,8
1796,1
1797,0
1798,3
1799,3
1800,8
1801,0
1802,3
1803,4
1804,4
1805,9
1806,4
1807,0
1808,6
1809,8
1810,5
1811,3
1812,7
1813,6
1814,8
1815,3
1816,1
1817,5
1818,3
1819,5
1820,2
1821,6
1822,7
1823,3
1824,8
1825,3
1826,5
1827,0
1828,7
1829,0
1830,2
1831,3
1832,5
1833,8
1834,2
1835,8
1836,3
1837,7
1838,1
1839,7
1840,7
1841,3
1842,5
1843,1
1844,9
1845,8
1846,9
1847,8
1848,3
1849,5
1850,5
1851,6
1852,0
1853,7
1854,1
1855,6
1856,1
1857,7
1858,4
1859,6
1860,6
1861,1
1862,8
1863,9
1864,7
1865,4
1866,5
1867,9
1868,7
1869,7
1870,5
1871,2
1872,4
1873,2
1874,9
1875,4
1876,6
1877,1
1878,6
1879,9
1880,7
1881,0
1882,5
1883,4
1884,6
1885,6
1886,0
1887,3
1888,7
1889,8
1890,4
1891,3
1892,9
1893,4
1894,9
1895,7
1896,9
1897,0
1898,9
1899,0
1900,0
1901,7
1902,1
1903,0
1904,7
1905,0
1906,0
1907,5
1908,7
1909,6
1910,1
1911,8
1912,3
1913,5
1914,7
1915,7
1916,6
1917,3
1918,6
1919,6
1920,3
1921,6
1922,1
1923,5
1924,2
1925,9
1926,7
1927,3
1928,1
1929,0
1930,9
1931,4
1932,2
1933,9
1934,6
1935,0
1936,1
1937,6
1938,1
1939,7
1940,6
1941,0
1942,8
1943,4
1944,0
1945,5
1946,8
1947,0
1948,1
1949,7
1950,2
1951,4
1952,6
1953,9
1954,3
1955,7
1956,7
1957,7
1958,6
1959,2
1960,8
1961,6
1962,1
1963,3
1964,0
1965,2
1966,7
1967,8
1968,5
1969,8
1970,9
1971,3
1972,1
1973,8
1974,0
1975,9
1976,1
1977,5
1978,1
1979,3
1980,6
1981,4
1982,1
1983,5
1984,8
1985,3
1986,5
1987,0
1988,5
1989,4
1990,9
1991,9
1992,5
1993,0
1994,9
1995,6
1996,9
1997,5
1998,4
1999,2
2000,8
2001,0
2002,9
2003,1
2004,3
2005,0
2006,1
2007,3
2008,4
2009,8
2010,1
2011,0
2012,5
2013,4
2014,0
2015,8
2016,9
2017,3
2018,3
2019,0
2020,6
2021,8
2022,5
2023,7
2024,2
2025,1
2026,5
2027,1
2028,6
2029,9
2030,8
2031,0
2032,3
2033,7
2034,2
2035,9
2036,7
2037,1
2038,7
2039,4
2040,4
2041,7
2042,1
2043,7
2044,8
2045,1
2046,2
2047,1
2048,5
2049,3
2050,8
2051,7
2052,7
2053,0
2054,9
2055,3
2056,9
2057,8
2058,1
2059,1
2060,2
2061,3
2062,3
2063,1
2064,9
2065,5
2066,1
2067,0
2068,2
2069,9
2070,7
2071,7
2072,8
2073,4
2074,8
2075,4
2076,2
2077,8
2078,8
2079,0
2080,6
2081,6
2082,8
2083,3
2084,9
2085,8
2086,9
2087,7
2088,9
2089,4
2090,0
2091,9
2092,7
2093,8
2094,2
2095,4
2096,9
2097,4
2098,7
2099,6
2100,1
2101,7
2102,3
2103,8
2104,9
2105,0
2106,7
2107,6
2108,7
2109,1
2110,7
2111,4
2112,0
2113,0
2114,4
2115,4
2116,8
2117,3
2118,7
2119,6
2120,6
2121,7
2122,8
2123,6
2124,2
2125,6
2126,3
2127,4
2128,3
2129,9
2130,6
2131,3
2132,4
2133,6
2134,6
2135,0
2136,5
2137,5
2138,2
2139,8
2140,8
2141,2
2142,7
2143,0
2144,6
2145,2
2146,5
2147,6
2148,5
2149,9
2150,9
2151,1
2152,3
2153,7
2154,6
2155,2
2156,1
2157,2
2158,4
2159,6
2160,5
2161,4
2162,7
2163,3
2164,6
2165,9
2166,4
2167,0
2168,1
2169,5
2170,4
2171,4
2172,2
2173,3
2174,3
2175,2
2176,3
2177,3
2178,6
2179,9
2180,5
2181,5
2182,5
2183,1
2184,8
2185,2
2186,8
2187,5
2188,2
2189,0
2190,9
2191,0
2192,2
2193,8
2194,0
2195,8
2196,5
2197,0
2198,0
2199,3
2200,8
2201,6
2202,1
2203,0
2204,1
2205,9
2206,8
2207,2
2208,4
2209,7
2210,9
2211,5
2212,5
2213,3
2214,4
2215,9
2216,3
2217,8
2218,3
2219,8
2220,0
2221,8
2222,1
2223,1
2224,6
2225,8
2226,6
2227,8
2228,4
2229,4
2230,5
2231,3
2232,9
2233,5
2234,9
2235,8
2236,5
2237,8
2238,4
2239,9
2240,1
2241,2
2242,2
2243,2
2244,9
2245,0
2246,8
2247,7
2248,2
2249,6
2250,4
2251,7
2252,6
2253,3
2254,4
2255,1
2256,8
2257,4
2258,3
2259,6
2260,6
2261,4
2262,4
2263,5
2264,2
2265,3
2266,4
2267,2
2268,8
2269,6
2270,1
2271,2
2272,1
2273,5
2274,0
2275,6
2276,8
2277,9
2278,4
2279,9
2280,9
2281,0
2282,9
2283,5
2284,2
2285,1
2286,9
2287,6
2288,1
2289,0
2290,9
2291,1
2292,5
2293,7
2294,3
2295,3
2296,1
2297,0
2298,7
2299,9
2300,5
2301,6
2302,8
2303,3
2304,5
2305,6
2306,0
2307,7
2308,0
2309,8
2310,1
2311,5
2312,3
2313,4
2314,0
2315,2
2316,1
2317,6
2318,0
2319,1
2320,6
2321,4
2322,9
2323,7
2324,7
2325,9
2326,2
2327,7
2328,9
2329,9
2330,0
2331,0
2332,6
2333,9
2334,9
2335,3
2336,4
2337,7
2338,6
2339,1
2340,8
2341,1
2342,4
2343,7
2344,4
2345,8
2346,4
2347,6
2348,7
2349,1
2350,1
2351,2
2352,9
2353,6
2354,0
2355,6
2356,8
2357,3
2358,8
2359,6
2360,2
2361,1
2362,0
2363,4
2364,5
2365,4
2366,6
2367,3
2368,8
2369,2
2370,9
2371,3
2372,7
2373,0
2374,1
2375,8
2376,3
2377,0
2378,3
2379,3
2380,1
2381,9
2382,8
2383,3
2384,6
2385,1
2386,5
2387,9
2388,5
2389,2
2390,1
2391,0
2392,2
2393,8
2394,5
2395,9
2396,5
2397,0
2398,8
2399,3
2400,7
2401,5
2402,3
2403,9
2404,9
2405,1
2406,0
2407,4
2408,3
2409,4
2410,4
2411,5
2412,5
2413,5
2414,1
2415,6
2416,6
2417,4
2418,7
2419,6
2420,9
2421,7
2422,5
2423,4
2424,7
2425,9
2426,9
2427,6
2428,4
2429,9
2430,0
2431,1
2432,1
2433,9
2434,7
2435,5
2436,4
2437,5
2438,6
2439,2
2440,4
2441,4
2442,0
2443,6
2444,2
2445,4
2446,4
2447,4
2448,3
2449,2
2450,6
2451,7
2452,3
2453,6
2454,8
2455,8
2456,3
2457,6
2458,1
2459,3
2460,1
2461,0
2462,8
2463,8
2464,7
2465,1
2466,6
2467,5
2468,7
2469,4
2470,4
2471,0
2472,7
2473,5
2474,3
2475,0
2476,1
2477,5
2478,0
2479,4
2480,0
2481,0
2482,1
2483,9
2484,3
2485,3
2486,9
2487,5
2488,3
2489,8
2490,2
2491,2
2492,1
2493,4
2494,7
2495,0
2496,9
2497,6
2498,4
2499,0
2500,7
2501,6
2502,0
2503,9
2504,8
2505,0
2506,4
2507,2
2508,4
2509,6
2510,6
2511,1
2512,8
2513,0
2514,6
2515,3
2516,0
2517,5
2518,6
2519,1
2520,6
2521,0
2522,1
2523,2
2524,7
2525,7
2526,1
2527,6
2528,5
2529,8
2530,3
2531,9
2532,5
2533,6
2534,4
2535,0
2536,0
2537,4
2538,6
2539,3
2540,8
2541,1
2542,5
2543,1
2544,1
2545,7
2546,5
2547,6
2548,4
2549,1
2550,2
2551,4
2552,7
2553,5
2554,0
2555,0
2556,7
2557,3
2558,1
2559,9
2560,8
2561,5
2562,9
2563,0
2564,1
2565,5
2566,4
2567,1
2568,9
2569,9
2570,2
2571,8
2572,8
2573,9
2574,8
2575,9
2576,7
2577,3
2578,5
2579,0
2580,3
2581,5
2582,7
2583,2
2584,0
2585,4
2586,8
2587,9
2588,1
2589,7
2590,1
2591,4
2592,0
2593,0
2594,3
2595,3
2596,0
2597,5
2598,2
2599,6
2600,3
2601,4
2602,1
2603,7
2604,1
2605,0
2606,7
2607,3
2608,8
2609,1
2610,1
2611,0
2612,8
2613,2
2614,0
2615,9
2616,6
2617,5
2618,5
2619,6
2620,7
2621,3
2622,7
2623,0
2624,6
2625,2
2626,6
2627,1
2628,4
2629,9
2630,7
2631,2
2632,4
2633,6
2634,0
2635,8
2636,8
2637,8
2638,7
2639,8
2640,8
2641,4
2642,6
2643,3
2644,0
2645,9
2646,4
2647,2
2648,8
2649,9
2650,1
2651,2
2652,4
2653,4
2654,1
2655,2
2656,0
2657,3
2658,3
2659,6
2660,8
2661,5
2662,7
2663,5
2664,0
2665,1
2666,8
2667,4
2668,4
2669,3
2670,7
2671,9
2672,1
2673,6
2674,6
2675,5
2676,5
2677,3
2678,6
2679,6
2680,1
2681,8
2682,3
2683,8
2684,5
2685,4
2686,9
2687,6
2688,5
2689,2
2690,5
2691,9
2692,8
2693,4
2694,2
2695,4
2696,1
2697,3
2698,4
2699,6
2700,3
2701,4
2702,6
2703,2
2704,7
2705,2
2706,8
2707,4
2708,4
2709,7
2710,2
2711,2
2712,5
2713,7
2714,1
2715,4
2716,8
2717,8
2718,9
2719,7
2720,5
2721,7
2722,9
2723,2
2724,7
2725,3
2726,6
2727,2
2728,9
2729,1
2730,3
2731,4
2732,4
2733,8
2734,1
2735,1
2736,6
2737,9
2738,8
2739,0
2740,4
2741,0
2742,6
2743,8
2744,6
2745,6
2746,8
2747,1
2748,3
2749,8
2750,2
2751,1
2752,9
2753,8
2754,0
2755,5
2756,9
2757,6
2758,7
2759,0
2760,7
2761,9
2762,9
2763,5
2764,6
2765,7
2766,2
2767,8
2768,7
2769,6
2770,3
2771,3
2772,6
2773,7
2774,0
2775,0
2776,6
2777,5
2778,4
2779,6
2780,7
2781,5
2782,3
2783,4
2784,7
2785,5
2786,4
2787,3
2788,3
2789,5
2790,3
2791,4
2792,8
2793,2
2794,7
2795,2
2796,1
2797,9
2798,1
2799,5
2800,6
2801,5
2802,7
2803,4
2804,0
2805,4
2806,8
2807,4
2808,4
2809,1
2810,2
2811,3
2812,4
2813,8
2814,6
2815,5
2816,3
2817,8
2818,4
2819,2
2820,7
2821,1
2822,5
2823,5
2824,1
2825,4
2826,5
2827,9
2828,6
2829,9
2830,9
2831,0
2832,5
2833,1
2834,7
2835,0
2836,3
2837,4
2838,2
2839,4
2840,5
2841,2
2842,0
2843,1
2844,5
2845,5
2846,5
2847,1
2848,7
2849,7
2850,1
2851,8
2852,4
2853,7
2854,8
2855,5
2856,8
2857,7
2858,5
2859,7
2860,7
2861,2
2862,1
2863,2
2864,2
2865,4
2866,6
2867,7
2868,2
2869,3
2870,1
2871,1
2872,9
2873,1
2874,6
2875,4
2876,9
2877,3
2878,5
2879,5
2880,4
2881,2
2882,6
2883,7
2884,3
2885,3
2886,9
2887,3
2888,7
2889,2
2890,1
2891,4
2892,2
2893,1
2894,3
2895,5
2896,1
2897,0
2898,0
2899,2
2900,5
2901,8
2902,7
2903,6
2904,7
2905,9
2906,5
2907,3
2908,2
2909,1
2910,5
2911,0
2912,3
2913,9
2914,6
2915,9
2916,4
2917,4
2918,3
2919,4
2920,7
2921,7
2922,8
2923,6
2924,0
2925,5
2926,3
2927,2
2928,1
2929,8
2930,5
2931,8
2932,0
2933,4
2934,9
2935,4
2936,2
2937,4
2938,0
2939,2
2940,9
2941,5
2942,7
2943,3
2944,4
2945,1
2946,3
2947,9
2948,0
2949,8
2950,8
2951,2
2952,1
2953,9
2954,4
2955,5
2956,2
2957,9
2958,9
2959,9
2960,8
2961,1
2962,0
2963,7
2964,0
2965,1
2966,5
2967,0
2968,0
2969,4
2970,1
2971,3
2972,7
2973,4
2974,7
2975,2
2976,8
2977,6
2978,9
2979,9
2980,9
2981,1
2982,2
2983,7
2984,6
2985,4
2986,9
2987,4
2988,3
2989,2
2990,7
2991,6
2992,1
2993,5
2994,3
2995,3
2996,0
2997,4
2998,5
2999,3
3000,6
3001,9
3002,3
3003,0
3004,5
3005,2
3006,6
3007,0
3008,3
3009,9
3010,2
3011,2
3012,1
3013,5
3014,0
3015,3
3016,8
3017,4
3018,8
3019,2
3020,3
3021,3
3022,5
3023,6
3024,5
3025,9
3026,8
3027,9
3028,2
3029,4
3030,9
3031,9
3032,2
3033,1
3034,3
3035,3
3036,4
3037,8
3038,6
3039,6
3040,9
3041,3
3042,4
3043,0
3044,7
3045,1
3046,4
3047,4
3048,6
3049,3
3050,2
3051,7
3052,8
3053,8
3054,5
3055,3
3056,2
3057,6
3058,7
3059,7
3060,1
3061,1
3062,1
3063,2
3064,5
3065,1
3066,7
3067,0
3068,4
3069,8
3070,6
3071,0
3072,4
3073,1
3074,4
3075,7
3076,5
3077,4
3078,5
3079,9
3080,9
3081,1
3082,9
3083,7
3084,4
3085,5
3086,7
3087,0
3088,6
3089,6
3090,4
3091,5
3092,1
3093,1
3094,6
3095,1
3096,3
3097,3
3098,6
3099,0
3100,3
3101,2
3102,9
3103,9
3104,0
3105,3
3106,9
3107,1
3108,5
3109,0
3110,3
3111,0
3112,2
3113,7
3114,5
3115,4
3116,3
3117,9
3118,6
3119,1
3120,5
3121,8
3122,8
3123,9
3124,5
3125,6
3126,1
3127,4
3128,6
3129,7
3130,2
3131,3
3132,4
3133,5
3134,6
3135,1
3136,6
3137,1
3138,2
3139,1
3140,8
3141,2
3142,0
3143,9
3144,4
3145,5
3146,8
3147,9
3148,7
3149,1
3150,7
3151,3
3152,5
3153,6
3154,3
3155,4
3156,9
3157,7
3158,6
3159,5
3160,0
3161,8
3162,8
3163,8
3164,5
3165,1
3166,9
3167,0
3168,9
3169,2
3170,1
3171,4
3172,1
3173,6
3174,6
3175,9
3176,8
3177,7
3178,2
3179,3
3180,1
3181,1
3182,0
3183,4
3184,9
3185,2
3186,5
3187,8
3188,0
3189,0
3190,1
3191,5
3192,0
3193,2
3194,6
3195,7
3196,7
3197,2
3198,3
3199,1
3200,9
3201,2
3202,4
3203,8
3204,9
3205,6
3206,6
3207,8
3208,1
3209,4
3210,5
3211,0
3212,7
3213,8
3214,8
3215,0
3216,8
3217,4
3218,6
3219,9
3220,7
3221,7
3222,8
3223,5
3224,9
3225,4
3226,2
3227,3
3228,9
3229,3
3230,1
3231,4
3232,7
3233,3
3234,9
3235,9
3236,9
3237,4
3238,1
3239,6
3240,4
3241,4
3242,9
3243,5
3244,0
3245,5
3246,1
3247,2
3248,3
3249,5
3250,5
3251,7
3252,6
3253,0
3254,5
3255,6
3256,5
3257,7
3258,2
3259,8
3260,9
3261,8
3262,8
3263,7
3264,3
3265,3
3266,4
3267,6
3268,1
3269,2
3270,3
3271,1
3272,2
3273,7
3274,0
3275,5
3276,5
3277,0
3278,5
3279,2
3280,1
3281,7
3282,7
3283,5
3284,9
3285,4
3286,8
3287,5
3288,1
3289,8
3290,4
3291,0
3292,5
3293,8
3294,8
3295,3
3296,8
3297,8
3298,4
3299,5
3300,1
3301,1
3302,7
3303,9
3304,0
3305,8
3306,0
3307,8
3308,5
3309,7
3310,1
3311,1
3312,4
3313,0
3314,1
3315,5
3316,1
3317,6
3318,0
3319,9
3320,6
3321,7
3322,9
3323,0
3324,0
3325,0
3326,2
3327,4
3328,6
3329,3
3330,6
3331,1
3332,4
3333,6
3334,5
3335,3
3336,2
3337,7
3338,6
3339,4
3340,7
3341,6
3342,0
3343,1
3344,7
3345,4
3346,5
3347,7
3348,2
3349,3
3350,2
3351,9
3352,6
3353,9
3354,7
3355,7
3356,7
3357,2
3358,0
3359,5
3360,8
3361,6
3362,7
3363,6
3364,6
3365,8
3366,8
3367,7
3368,5
3369,3
3370,9
3371,1
3372,6
3373,5
3374,9
3375,9
3376,7
3377,3
3378,9
3379,6
3380,0
3381,0
3382,3
3383,6
3384,9
3385,2
3386,0
3387,0
3388,7
3389,7
3390,2
3391,0
3392,3
3393,3
3394,4
3395,9
3396,2
3397,1
3398,7
3399,0
3400,4
3401,6
3402,9
3403,5
3404,8
3405,2
3406,3
3407,2
3408,0
3409,7
3410,1
3411,1
3412,7
3413,2
3414,7
3415,0
3416,6
3417,1
3418,0
3419,1
3420,6
3421,1
3422,7
3423,1
3424,5
3425,0
3426,3
3427,0
3428,7
3429,7
3430,1
3431,8
3432,4
3433,5
3434,3
3435,1
3436,8
3437,8
3438,7
3439,2
3440,9
3441,2
3442,0
3443,1
3444,9
3445,5
3446,1
3447,8
3448,3
3449,9
3450,3
3451,2
3452,3
3453,3
3454,8
3455,4
3456,2
3457,5
3458,7
3459,3
3460,2
3461,7
3462,3
3463,1
3464,1
3465,7
3466,9
3467,4
3468,7
3469,5
3470,2
3471,3
3472,3
3473,3
3474,4
3475,0
3476,3
3477,4
3478,9
3479,2
3480,9
3481,8
3482,9
3483,0
3484,6
3485,7
3486,7
3487,5
3488,5
3489,3
3490,5
3491,1
3492,5
3493,2
3494,1
3495,3
3496,4
3497,3
3498,5
3499,9
3500,3
3501,4
3502,7
3503,8
3504,1
3505,6
3506,2
3507,6
3508,1
3509,3
3510,6
3511,6
3512,9
3513,2
3514,5
3515,7
3516,2
3517,1
3518,2
3519,4
3520,9
3521,9
3522,5
3523,3
3524,1
3525,3
3526,0
3527,2
3528,5
3529,4
3530,8
3531,9
3532,7
3533,0
3534,2
3535,8
3536,2
3537,8
3538,1
3539,6
3540,8
3541,3
3542,9
3543,9
3544,2
3545,1
3546,3
3547,2
3548,1
3549,0
3550,6
3551,4
3552,0
3553,1
3554,0
3555,2
3556,6
3557,7
3558,7
3559,1
3560,7
3561,3
3562,9
3563,2
3564,3
3565,4
3566,0
3567,4
3568,1
3569,6
3570,3
3571,0
3572,6
3573,9
3574,8
3575,8
3576,7
3577,6
3578,5
3579,2
3580,1
3581,8
3582,7
3583,3
3584,1
3585,2
3586,1
3587,1
3588,0
3589,8
3590,4
3591,9
3592,0
3593,9
3594,6
3595,9
3596,8
3597,0
3598,3
3599,9
3600,7
3601,5
3602,9
3603,0
3604,3
3605,3
3606,3
3607,0
3608,0
3609,9
3610,0
3611,2
3612,7
3613,7
3614,6
3615,4
3616,1
3617,1
3618,8
3619,0
3620,1
3621,4
3622,2
3623,6
3624,6
3625,0
3626,4
3627,7
3628,5
3629,3
3630,5
3631,8
3632,8
3633,3
3634,1
3635,8
3636,2
3637,6
3638,3
3639,1
3640,1
3641,3
3642,3
3643,1
3644,7
3645,9
3646,6
3647,5
3648,0
3649,5
3650,0
3651,2
3652,0
3653,7
3654,6
3655,2
3656,9
3657,0
3658,8
3659,3
3660,2
3661,9
3662,0
3663,9
3664,7
3665,1
3666,6
3667,5
3668,9
3669,1
3670,9
3671,7
3672,1
3673,3
3674,1
3675,3
3676,4
3677,3
3678,8
3679,3
3680,7
3681,0
3682,5
3683,5
3684,3
3685,5
3686,8
3687,4
3688,9
3689,6
3690,6
3691,6
3692,7
3693,8
3694,3
3695,2
3696,7
3697,7
3698,1
3699,2
3700,4
3701,1
3702,2
3703,8
3704,7
3705,5
3706,9
3707,1
3708,7
3709,1
3710,7
3711,3
3712,8
3713,7
3714,4
3715,1
3716,5
3717,9
3718,3
3719,4
3720,1
3721,3
3722,5
3723,4
3724,0
3725,4
3726,8
3727,3
3728,4
3729,3
3730,2
3731,9
3732,0
3733,0
3734,0
3735,9
3736,8
3737,2
3738,9
3739,0
3740,4
3741,8
3742,4
3743,9
3744,4
3745,2
3746,2
3747,8
3748,7
3749,9
3750,8
3751,0
3752,4
3753,1
3754,2
3755,5
3756,7
3757,2
3758,5
3759,3
3760,0
3761,2
3762,5
3763,0
3764,0
3765,5
3766,1
3767,3
3768,9
3769,4
3770,0
3771,0
3772,1
3773,8
3774,9
3775,8
3776,0
3777,7
3778,2
3779,9
3780,9
3781,5
3782,5
3783,1
3784,3
3785,4
3786,3
3787,0
3788,4
3789,7
3790,9
3791,0
3792,4
3793,9
3794,9
3795,1
3796,9
3797,3
3798,1
3799,7
3800,7
3801,8
3802,9
3803,5
3804,6
3805,2
3806,5
3807,0
3808,8
3809,5
3810,6
3811,0
3812,3
3813,1
3814,6
3815,1
3816,8
3817,7
3818,3
3819,6
3820,9
3821,3
3822,9
3823,0
3824,0
3825,0
3826,2
3827,2
3828,4
3829,6
3830,4
3831,2
3832,5
3833,4
3834,3
3835,9
3836,3
3837,0
3838,0
3839,0
3840,2
3841,9
3842,7
3843,6
3844,9
3845,5
3846,0
3847,3
3848,8
3849,4
3850,0
3851,9
3852,8
3853,2
3854,6
3855,7
3856,2
3857,0
3858,2
3859,8
3860,9
3861,5
3862,9
3863,3
3864,0
3865,3
3866,9
3867,5
3868,4
3869,6
3870,1
3871,7
3872,1
3873,4
3874,2
3875,8
3876,4
3877,6
3878,4
3879,5
3880,5
3881,3
3882,2
3883,9
3884,0
3885,4
3886,8
3887,9
3888,6
3889,9
3890,8
3891,5
3892,4
3893,6
3894,3
3895,5
3896,3
3897,0
3898,8
3899,7
3900,0
3901,9
3902,2
3903,4
3904,3
3905,8
3906,9
3907,5
3908,7
3909,6
3910,4
3911,2
3912,6
3913,5
3914,9
3915,4
3916,4
3917,1
3918,0
3919,7
3920,0
3921,4
3922,9
3923,7
3924,2
3925,6
3926,4
3927,8
3928,0
3929,6
3930,2
3931,5
3932,5
3933,9
3934,0
3935,3
3936,0
3937,6
3938,4
3939,2
3940,4
3941,3
3942,4
3943,5
3944,0
3945,3
3946,6
3947,7
3948,7
3949,2
3950,7
3951,5
3952,7
3953,4
3954,9
3955,1
3956,0
3957,1
3958,8
3959,7
3960,2
3961,4
3962,9
3963,5
3964,6
3965,5
3966,8
3967,1
3968,6
3969,4
3970,6
3971,0
3972,0
3973,1
3974,1
3975,3
3976,5
3977,1
3978,2
3979,9
3980,0
3981,1
3982,9
3983,2
3984,9
3985,0
3986,9
3987,0
3988,5
3989,8
3990,6
3991,2
3992,8
3993,1
3994,4
3995,6
3996,7
3997,2
3998,9
3999,7
4000,5
4001,9
4002,3
4003,3
4004,1
4005,6
4006,4
4007,0
4008,6
4009,2
4010,9
4011,8
4012,2
4013,9
4014,0
4015,0
4016,9
4017,8
4018,5
4019,0
4020,4
4021,1
4022,9
4023,9
4024,0
4025,1
4026,7
4027,9
4028,3
4029,4
4030,7
4031,9
4032,2
4033,9
4034,7
4035,9
4036,3
4037,3
4038,8
4039,1
4040,4
4041,8
4042,0
4043,3
4044,3
4045,9
4046,4
4047,0
4048,7
4049,2
4050,3
4051,9
4052,8
4053,0
4054,4
4055,3
4056,6
4057,2
4058,4
4059,9
4060,5
4061,3
4062,2
4063,8
4064,4
4065,0
4066,3
4067,1
4068,4
4069,9
4070,3
4071,9
4072,2
4073,5
4074,6
4075,2
4076,1
4077,9
4078,6
4079,2
4080,7
4081,8
4082,5
4083,2
4084,8
4085,6
4086,4
4087,5
4088,9
4089,2
4090,8
4091,6
4092,2
4093,2
4094,1
4095,3
4096,1
4097,8
4098,4
4099,5
4100,6
4101,1
4102,2
4103,2
4104,7
4105,8
4106,8
4107,5
4108,1
4109,2
4110,2
4111,0
4112,0
4113,4
4114,0
4115,9
4116,3
4117,5
4118,0
4119,4
4120,4
4121,9
4122,0
4123,5
4124,9
4125,5
4126,6
4127,7
4128,4
4129,3
4130,2
4131,9
4132,9
4133,4
4134,7
4135,9
4136,6
4137,3
4138,8
4139,5
4140,7
4141,5
4142,0
4143,5
4144,3
4145,5
4146,3
4147,5
4148,5
4149,5
4150,1
4151,2
4152,6
4153,2
4154,4
4155,5
4156,9
4157,7
4158,3
4159,9
4160,9
4161,5
4162,1
4163,7
4164,1
4165,1
4166,5
4167,7
4168,1
4169,0
4170,0
4171,9
4172,3
4173,1
4174,2
4175,9
4176,8
4177,8
4178,4
4179,1
4180,3
4181,4
4182,2
4183,9
4184,9
4185,4
4186,9
4187,4
4188,4
4189,7
4190,5
4191,7
4192,3
4193,3
4194,3
4195,7
4196,9
4197,5
4198,1
4199,4
4200,2
4201,5
4202,5
4203,8
4204,3
4205,5
4206,1
4207,1
4208,6
4209,4
4210,1
4211,4
4212,0
4213,2
4214,2
4215,5
4216,5
4217,2
4218,1
4219,0
4220,9
4221,0
4222,8
4223,7
4224,5
4225,8
4226,7
4227,4
4228,8
4229,2
4230,8
4231,5
4232,1
4233,7
4234,6
4235,6
4236,8
4237,9
4238,8
4239,6
4240,7
4241,1
4242,4
4243,6
4244,3
4245,6
4246,0
4247,2
4248,4
4249,1
4250,0
4251,4
4252,3
4253,6
4254,8
4255,1
4256,2
4257,3
4258,5
4259,3
4260,4
4261,6
4262,3
4263,9
4264,4
4265,4
4266,8
4267,6
4268,3
4269,1
4270,8
4271,7
4272,7
4273,2
4274,3
4275,1
4276,8
4277,5
4278,7
4279,9
4280,8
4281,4
4282,5
4283,4
4284,5
4285,0
4286,3
4287,7
4288,6
4289,7
4290,5
4291,4
4292,0
4293,9
4294,6
4295,8
4296,4
4297,7
4298,2
4299,2
4300,2
4301,2
4302,1
4303,2
4304,6
4305,3
4306,7
4307,7
4308,0
4309,4
4310,4
4311,6
4312,8
4313,5
4314,4
4315,7
4316,7
4317,4
4318,5
4319,4
4320,3
4321,3
4322,1
4323,9
4324,5
4325,0
4326,5
4327,0
4328,0
4329,4
4330,4
4331,1
4332,6
4333,6
4334,7
4335,5
4336,1
4337,7
4338,5
4339,9
4340,8
4341,9
4342,6
4343,6
4344,1
4345,2
4346,2
4347,4
4348,9
4349,5
4350,4
4351,3
4352,9
4353,3
4354,9
4355,0
4356,8
4357,5
4358,6
4359,9
4360,4
4361,4
4362,8
4363,5
4364,6
4365,6
4366,1
4367,0
4368,3
4369,3
4370,7
4371,7
4372,8
4373,5
4374,8
4375,7
4376,3
4377,6
4378,5
4379,9
4380,7
4381,6
4382,7
4383,1
4384,5
4385,9
4386,1
4387,5
4388,4
4389,7
4390,5
4391,6
4392,6
4393,3
4394,5
4395,3
4396,5
4397,8
4398,2
4399,1
4400,8
4401,1
4402,4
4403,3
4404,3
4405,7
4406,6
4407,8
4408,7
4409,9
4410,5
4411,3
4412,8
4413,1
4414,9
4415,0
4416,4
4417,7
4418,3
4419,3
4420,0
4421,3
4422,1
4423,6
4424,7
4425,4
4426,2
4427,3
4428,1
4429,6
4430,7
4431,2
4432,9
4433,2
4434,5
4435,9
4436,7
4437,5
4438,0
4439,1
4440,4
4441,4
4442,0
4443,7
4444,2
4445,4
4446,7
4447,7
4448,0
4449,3
4450,6
4451,0
4452,2
4453,0
4454,6
4455,0
4456,1
4457,3
4458,3
4459,8
4460,4
4461,7
4462,3
4463,0
4464,4
4465,2
4466,7
4467,3
4468,7
4469,8
4470,0
4471,4
4472,4
4473,7
4474,2
4475,3
4476,6
4477,3
4478,8
4479,6
4480,1
4481,5
4482,0
4483,6
4484,8
4485,8
4486,7
4487,2
4488,4
4489,1
4490,5
4491,8
4492,3
4493,1
4494,3
4495,8
4496,2
4497,2
4498,2
4499,6
4500,1
4501,4
4502,4
4503,6
4504,5
4505,6
4506,5
4507,9
4508,1
4509,3
4510,1
4511,8
4512,1
4513,8
4514,2
4515,5
4516,7
4517,0
4518,4
4519,8
4520,7
4521,4
4522,4
4523,4
4524,8
4525,9
4526,4
4527,0
4528,3
4529,4
4530,4
4531,4
4532,0
4533,8
4534,7
4535,3
4536,5
4537,6
4538,6
4539,2
4540,2
4541,0
4542,3
4543,4
4544,8
4545,4
4546,5
4547,8
4548,2
4549,2
4550,4
4551,1
4552,9
4553,2
4554,2
4555,2
4556,5
4557,3
4558,6
4559,5
4560,0
4561,0
4562,9
4563,1
4564,1
4565,2
4566,6
4567,4
4568,3
4569,9
4570,3
4571,8
4572,8
4573,5
4574,7
4575,7
4576,2
4577,8
4578,7
4579,9
4580,4
4581,7
4582,5
4583,8
4584,3
4585,3
4586,7
4587,9
4588,6
4589,4
4590,4
4591,7
4592,9
4593,5
4594,2
4595,8
4596,1
4597,5
4598,8
4599,8
4600,6
4601,4
4602,3
4603,9
4604,3
4605,9
4606,5
4607,1
4608,6
4609,5
4610,2
4611,5
4612,9
4613,7
4614,7
4615,9
4616,2
4617,5
4618,9
4619,1
4620,9
4621,3
4622,1
4623,1
4624,0
4625,5
4626,5
4627,8
4628,3
4629,5
4630,7
4631,8
4632,3
4633,9
4634,7
4635,0
4636,4
4637,1
4638,3
4639,1
4640,9
4641,8
4642,4
4643,0
4644,4
4645,6
4646,3
4647,5
4648,8
4649,8
4650,1
4651,5
4652,2
4653,1
4654,0
4655,9
4656,1
4657,6
4658,1
4659,3
4660,1
4661,8
4662,3
4663,5
4664,5
4665,3
4666,7
4667,5
4668,3
4669,2
4670,7
4671,9
4672,4
4673,6
4674,4
4675,2
4676,6
4677,4
4678,0
4679,3
4680,1
4681,7
4682,4
4683,0
4684,1
4685,2
4686,4
4687,1
4688,8
4689,6
4690,6
4691,9
4692,1
4693,8
4694,8
4695,2
4696,9
4697,0
4698,0
4699,6
4700,0
4701,8
4702,2
4703,7
4704,0
4705,5
4706,0
4707,4
4708,4
4709,2
4710,0
4711,4
4712,5
4713,8
4714,5
4715,8
4716,1
4717,2
4718,8
4719,8
4720,7
4721,2
4722,0
4723,3
4724,5
4725,8
4726,1
4727,4
4728,5
4729,3
4730,3
4731,4
4732,1
4733,5
4734,5
4735,9
4736,3
4737,9
4738,3
4739,3
4740,3
4741,7
4742,5
4743,0
4744,8
4745,0
4746,4
4747,4
4748,8
4749,4
4750,2
4751,2
4752,7
4753,9
4754,8
4755,3
4756,1
4757,6
4758,1
4759,1
4760,9
4761,5
4762,6
4763,5
4764,7
4765,9
4766,6
4767,6
4768,6
4769,2
4770,4
4771,7
4772,2
4773,6
4774,6
4775,0
4776,1
4777,9
4778,5
4779,6
4780,8
4781,1
4782,3
4783,4
4784,1
4785,5
4786,4
4787,9
4788,4
4789,1
4790,3
4791,1
4792,0
4793,5
4794,9
4795,2
4796,0
4797,1
4798,5
4799,6
4800,6
4801,8
4802,7
4803,4
4804,4
4805,9
4806,3
4807,3
4808,0
4809,7
4810,8
4811,5
4812,4
4813,6
4814,7
4815,4
4816,0
4817,8
4818,5
4819,0
4820,6
4821,0
4822,2
4823,2
4824,8
4825,9
4826,4
4827,8
4828,3
4829,9
4830,0
4831,1
4832,6
4833,3
4834,6
4835,5
4836,6
4837,8
4838,2
4839,2
4840,7
4841,9
4842,0
4843,6
4844,7
4845,7
4846,8
4847,3
4848,3
4849,2
4850,5
4851,1
4852,4
4853,3
4854,2
4855,9
4856,9
4857,8
4858,4
4859,9
4860,2
4861,0
4862,2
4863,6
4864,6
4865,9
4866,3
4867,8
4868,2
4869,8
4870,9
4871,1
4872,1
4873,7
4874,9
4875,5
4876,3
4877,1
4878,0
4879,9
4880,0
4881,4
4882,4
4883,1
4884,2
4885,4
4886,6
4887,3
4888,7
4889,8
4890,3
4891,4
4892,0
4893,3
4894,5
4895,3
4896,7
4897,4
4898,1
4899,9
4900,0
4901,0
4902,1
4903,0
4904,0
4905,9
4906,6
4907,8
4908,8
4909,8
4910,5
4911,9
4912,9
4913,3
4914,8
4915,6
4916,1
4917,7
4918,6
4919,3
4920,9
4921,9
4922,7
4923,9
4924,5
4925,5
4926,4
4927,8
4928,3
4929,9
4930,7
4931,5
4932,7
4933,5
4934,0
4935,9
4936,5
4937,5
4938,9
4939,0
4940,0
4941,8
4942,5
4943,9
4944,3
4945,5
4946,9
4947,1
4948,9
4949,8
4950,5
4951,8
4952,5
4953,4
4954,5
4955,7
4956,4
4957,2
4958,6
4959,3
4960,8
4961,3
4962,5
4963,4
4964,2
4965,4
4966,3
4967,9
4968,7
4969,5
4970,5
4971,6
4972,1
4973,6
4974,9
4975,3
4976,4
4977,2
4978,6
4979,7
4980,9
4981,2
4982,7
4983,9
4984,4
4985,8
4986,6
4987,4
4988,4
4989,4
4990,8
4991,9
4992,8
4993,0
4994,8
4995,5
4996,0
4997,2
4998,9
4999,9
5000,2
5001,6
5002,6
5003,8
5004,0
5005,3
5006,1
5007,7
5008,1
5009,4
5010,6
5011,3
5012,3
5013,8
5014,9
5015,7
5016,8
5017,9
5018,2
5019,4
5020,8
5021,5
5022,8
5023,6
5024,8
5025,2
5026,3
5027,5
5028,6
5029,0
5030,9
5031,3
5032,0
5033,2
5034,1
5035,2
5036,3
5037,7
5038,4
5039,2
5040,8
5041,2
5042,2
5043,8
5044,0
5045,9
5046,4
5047,9
5048,5
5049,5
5050,9
5051,6
5052,3
5053,0
5054,6
5055,3
5056,0
5057,4
5058,5
5059,2
5060,4
5061,9
5062,5
5063,7
5064,0
5065,9
5066,3
5067,9
5068,1
5069,1
5070,1
5071,3
5072,2
5073,2
5074,8
5075,8
5076,6
5077,3
5078,6
5079,4
5080,7
5081,1
5082,5
5083,1
5084,1
5085,7
5086,0
5087,0
5088,5
5089,6
5090,0
5091,1
5092,3
5093,9
5094,3
5095,2
5096,2
5097,2
5098,2
5099,6
5100,3
5101,6
5102,2
5103,4
5104,9
5105,1
5106,8
5107,0
5108,1
5109,3
5110,2
5111,0
5112,0
5113,1
5114,2
5115,1
5116,6
5117,5
5118,8
5119,2
5120,1
5121,3
5122,2
5123,2
5124,7
5125,3
5126,6
5127,6
5128,4
5129,8
5130,3
5131,6
5132,5
5133,6
5134,5
5135,9
5136,4
5137,0
5138,3
5139,0
5140,4
5141,5
5142,9
5143,1
5144,7
5145,0
5146,6
5147,2
5148,7
5149,6
5150,9
5151,7
5152,6
5153,2
5154,0
5155,5
5156,0
5157,0
5158,3
5159,8
5160,4
5161,2
5162,7
5163,1
5164,9
5165,3
5166,3
5167,6
5168,8
5169,3
5170,7
5171,0
5172,2
5173,3
5174,2
5175,7
5176,3
5177,2
5178,2
5179,4
5180,8
5181,1
5182,5
5183,9
5184,3
5185,9
5186,0
5187,7
5188,1
5189,8
5190,4
5191,2
5192,6
5193,9
5194,4
5195,7
5196,9
5197,0
5198,0
5199,9
5200,7
5201,4
5202,5
5203,9
5204,7
5205,7
5206,2
5207,4
5208,3
5209,7
5210,8
5211,6
5212,3
5213,0
5214,7
5215,7
5216,8
5217,5
5218,3
5219,0
5220,1
5221,8
5222,6
5223,2
5224,0
5225,2
5226,4
5227,0
5228,9
5229,8
5230,4
5231,0
5232,6
5233,6
5234,5
5235,8
5236,1
5237,3
5238,3
5239,0
5240,3
5241,1
5242,0
5243,2
5244,6
5245,2
5246,0
5247,6
5248,2
5249,8
5250,3
5251,4
5252,9
5253,8
5254,7
5255,7
5256,7
5257,8
5258,4
5259,6
5260,0
5261,2
5262,5
5263,3
5264,6
5265,6
5266,6
5267,2
5268,1
5269,0
5270,1
5271,4
5272,3
5273,4
5274,2
5275,1
5276,5
5277,9
5278,1
5279,8
5280,9
5281,8
5282,3
5283,5
5284,0
5285,4
5286,6
5287,7
5288,9
5289,2
5290,4
5291,2
5292,0
5293,2
5294,9
5295,9
5296,0
5297,5
5298,1
5299,4
5300,2
5301,3
5302,8
5303,0
5304,7
5305,3
5306,7
5307,7
5308,4
5309,7
5310,7
5311,4
5312,5
5313,0
5314,5
5315,9
5316,3
5317,9
5318,5
5319,2
5320,8
5321,6
5322,7
5323,0
5324,3
5325,2
5326,8
5327,5
5328,6
5329,4
5330,9
5331,2
5332,6
5333,4
5334,0
5335,3
5336,9
5337,9
5338,1
5339,9
5340,8
5341,3
5342,0
5343,9
5344,4
5345,7
5346,0
5347,2
5348,2
5349,1
5350,8
5351,7
5352,7
5353,9
5354,2
5355,1
5356,9
5357,9
5358,7
5359,9
5360,9
5361,5
5362,7
5363,1
5364,5
5365,4
5366,4
5367,0
5368,5
5369,5
5370,5
5371,4
5372,5
5373,7
5374,2
5375,5
5376,1
5377,2
5378,9
5379,5
5380,4
5381,7
5382,6
5383,6
5384,1
5385,4
5386,7
5387,4
5388,3
5389,2
5390,4
5391,5
5392,3
5393,8
5394,1
5395,1
5396,2
5397,3
5398,0
5399,0
5400,1
5401,4
5402,7
5403,0
5404,6
5405,0
5406,7
5407,1
5408,6
5409,9
5410,3
5411,2
5412,3
5413,6
5414,9
5415,4
5416,0
5417,1
5418,3
5419,6
5420,9
5421,6
5422,5
5423,1
5424,9
5425,7
5426,7
5427,5
5428,6
5429,0
5430,9
5431,9
5432,7
5433,9
5434,0
5435,0
5436,7
5437,5
5438,9
5439,5
5440,2
5441,6
5442,3
5443,1
5444,1
5445,7
5446,5
5447,1
5448,3
5449,9
5450,9
5451,8
5452,0
5453,0
5454,2
5455,0
5456,1
5457,7
5458,7
5459,3
5460,3
5461,4
5462,8
5463,1
5464,3
5465,2
5466,4
5467,0
5468,3
5469,4
5470,1
5471,9
5472,7
5473,2
5474,4
5475,9
5476,0
5477,0
5478,6
5479,6
5480,8
5481,1
5482,2
5483,0
5484,8
5485,5
5486,2
5487,8
5488,9
5489,3
5490,0
5491,2
5492,1
5493,1
5494,3
5495,7
5496,1
5497,3
5498,6
5499,2
5500,3
5501,9
5502,0
5503,9
5504,4
5505,8
5506,1
5507,8
5508,3
5509,0
5510,0
5511,8
5512,7
5513,3
5514,4
5515,2
5516,3
5517,3
5518,8
5519,4
5520,6
5521,6
5522,7
5523,1
5524,3
5525,4
5526,8
5527,3
5528,6
5529,4
5530,5
5531,8
5532,8
5533,7
5534,2
5535,9
5536,1
5537,8
5538,3
5539,8
5540,5
5541,4
5542,7
5543,6
5544,3
5545,1
5546,3
5547,0
5548,4
5549,1
5550,6
5551,1
5552,8
5553,3
5554,1
5555,7
5556,0
5557,4
5558,2
5559,3
5560,0
5561,4
5562,9
5563,3
5564,6
5565,5
5566,1
5567,9
5568,7
5569,2
5570,0
5571,3
5572,9
5573,4
5574,4
5575,6
5576,0
5577,3
5578,2
5579,4
5580,0
5581,5
5582,9
5583,2
5584,1
5585,7
5586,1
5587,7
5588,0
5589,9
5590,1
5591,2
5592,4
5593,9
5594,5
5595,1
5596,7
5597,7
5598,6
5599,8
5600,4
5601,5
5602,3
5603,4
5604,9
5605,5
5606,0
5607,9
5608,8
5609,8
5610,2
5611,1
5612,5
5613,2
5614,6
5615,2
5616,3
5617,5
5618,2
5619,1
5620,9
5621,1
5622,4
5623,5
5624,4
5625,1
5626,4
5627,7
5628,1
5629,3
5630,1
5631,9
5632,1
5633,2
5634,6
5635,4
5636,2
5637,3
5638,4
5639,7
5640,4
5641,0
5642,3
5643,8
5644,0
5645,6
5646,0
5647,1
5648,2
5649,5
5650,7
5651,6
5652,3
5653,4
5654,4
5655,3
5656,6
5657,7
5658,9
5659,8
5660,4
5661,0
5662,2
5663,0
5664,0
5665,0
5666,6
5667,3
5668,8
5669,3
5670,3
5671,5
5672,4
5673,1
5674,9
5675,2
5676,0
5677,8
5678,4
5679,6
5680,6
5681,0
5682,2
5683,6
5684,4
5685,3
5686,9
5687,3
5688,9
5689,9
5690,1
5691,9
5692,4
5693,9
5694,7
5695,2
5696,9
5697,5
5698,9
5699,1
5700,3
5701,7
5702,0
5703,8
5704,8
5705,3
5706,3
5707,9
5708,5
5709,0
5710,9
5711,7
5712,3
5713,3
5714,4
5715,2
5716,6
5717,7
5718,2
5719,0
5720,5
5721,3
5722,0
5723,8
5724,9
5725,0
5726,8
5727,0
5728,4
5729,2
5730,0
5731,8
5732,9
5733,5
5734,8
5735,7
5736,0
5737,8
5738,8
5739,6
5740,3
5741,3
5742,5
5743,1
5744,4
5745,5
5746,5
5747,2
5748,6
5749,7
5750,7
5751,1
5752,7
5753,3
5754,7
5755,6
5756,8
5757,6
5758,7
5759,6
5760,6
5761,5
5762,1
5763,6
5764,9
5765,5
5766,3
5767,6
5768,0
5769,4
5770,2
5771,3
5772,8
5773,6
5774,7
5775,1
5776,6
5777,6
5778,0
5779,9
5780,4
5781,4
5782,2
5783,3
5784,3
5785,2
5786,9
5787,0
5788,7
5789,1
5790,9
5791,4
5792,8
5793,3
5794,7
5795,4
5796,6
5797,8
5798,2
5799,1
5800,5
5801,4
5802,8
5803,6
5804,5
5805,5
5806,1
5807,6
5808,7
5809,0
5810,4
5811,9
5812,2
5813,5
5814,6
5815,8
5816,3
5817,4
5818,4
5819,2
5820,3
5821,5
5822,8
5823,5
5824,8
5825,3
5826,8
5827,2
5828,8
5829,2
5830,0
5831,8
5832,8
5833,0
5834,0
5835,9
5836,0
5837,5
5838,1
5839,8
5840,3
5841,6
5842,2
5843,4
5844,2
5845,0
5846,6
5847,0
5848,0
5849,4
5850,3
5851,1
5852,5
5853,4
5854,8
5855,1
5856,6
5857,3
5858,3
5859,9
5860,1
5861,8
5862,9
5863,1
5864,8
5865,1
5866,1
5867,5
5868,7
5869,5
5870,7
5871,4
5872,6
5873,1
5874,4
5875,8
5876,5
5877,3
5878,4
5879,3
5880,4
5881,7
5882,2
5883,6
5884,0
5885,8
5886,7
5887,3
5888,2
5889,7
5890,5
5891,4
5892,1
5893,4
5894,0
5895,0
5896,2
5897,3
5898,8
5899,5
5900,5
5901,9
5902,7
5903,9
5904,9
5905,9
5906,1
5907,3
5908,3
5909,4
5910,1
5911,8
5912,8
5913,3
5914,6
5915,3
5916,9
5917,7
5918,4
5919,6
5920,5
5921,6
5922,4
5923,8
5924,7
5925,9
5926,5
5927,8
5928,2
5929,9
5930,9
5931,8
5932,6
5933,3
5934,8
5935,9
5936,2
5937,6
5938,2
5939,0
5940,2
5941,9
5942,4
5943,9
5944,4
5945,1
5946,4
5947,3
5948,8
5949,8
5950,0
5951,8
5952,6
5953,2
5954,9
5955,7
5956,1
5957,8
5958,4
5959,0
5960,2
5961,4
5962,1
5963,6
5964,1
5965,0
5966,3
5967,3
5968,7
5969,1
5970,8
5971,1
5972,1
5973,3
5974,3
5975,1
5976,7
5977,7
5978,4
5979,0
5980,6
5981,5
5982,4
5983,1
5984,9
5985,4
5986,2
5987,7
5988,8
5989,0
5990,3
5991,5
5992,8
5993,8
5994,1
5995,5
5996,7
5997,0
5998,5
5999,2
6000,9
6001,1
6002,0
6003,4
6004,8
6005,7
6006,3
6007,7
6008,7
6009,3
6010,0
6011,7
6012,0
6013,9
6014,3
6015,8
6016,5
6017,3
6018,0
6019,3
6020,6
6021,8
6022,4
6023,1
6024,9
6025,4
6026,1
6027,5
6028,3
6029,2
6030,9
6031,1
6032,3
6033,3
6034,7
6035,5
6036,8
6037,4
6038,1
6039,2
6040,3
6041,3
6042,5
6043,2
6044,0
6045,8
6046,2
6047,9
6048,3
6049,2
6050,9
6051,0
6052,8
6053,1
6054,1
6055,6
6056,1
6057,8
6058,0
6059,3
6060,9
6061,8
6062,8
6063,0
6064,8
6065,2
6066,9
6067,5
6068,9
6069,5
6070,4
6071,7
6072,3
6073,0
6074,2
6075,8
6076,7
6077,9
6078,7
6079,9
6080,2
6081,2
6082,9
6083,4
6084,4
6085,5
6086,6
6087,6
6088,2
6089,2
6090,0
6091,2
6092,2
6093,3
6094,0
6095,0
6096,4
6097,2
6098,5
6099,7
6100,4
6101,3
6102,9
6103,5
6104,7
6105,3
6106,3
6107,3
6108,3
6109,4
6110,4
6111,2
6112,5
6113,8
6114,5
6115,0
6116,9
6117,4
6118,3
6119,9
6120,3
6121,0
6122,0
6123,4
6124,1
6125,0
6126,8
6127,8
6128,9
6129,9
6130,4
6131,2
6132,1
6133,1
6134,6
6135,4
6136,1
6137,8
6138,6
6139,0
6140,4
6141,4
6142,2
6143,2
6144,4
6145,9
6146,1
6147,5
6148,7
6149,8
6150,7
6151,6
6152,0
6153,2
6154,2
6155,2
6156,4
6157,6
6158,1
6159,0
6160,7
6161,0
6162,9
6163,7
6164,1
6165,3
6166,3
6167,7
6168,1
6169,3
6170,5
6171,9
6172,3
6173,4
6174,0
6175,2
6176,4
6177,7
6178,6
6179,2
6180,7
6181,4
6182,3
6183,7
6184,5
6185,8
6186,3
6187,3
6188,5
6189,8
6190,9
6191,9
6192,4
6193,0
6194,7
6195,5
6196,9
6197,3
6198,5
6199,6
6200,2
6201,9
6202,9
6203,4
6204,2
6205,6
6206,9
6207,5
6208,8
6209,5
6210,9
6211,1
6212,3
6213,6
6214,0
6215,9
6216,2
6217,8
6218,0
6219,2
6220,0
6221,4
6222,6
6223,2
6224,7
6225,7
6226,3
6227,9
6228,9
6229,5
6230,3
6231,0
6232,4
6233,4
6234,9
6235,6
6236,3
6237,1
6238,8
6239,7
6240,2
6241,4
6242,6
6243,3
6244,1
6245,4
6246,6
6247,7
6248,2
6249,1
6250,2
6251,9
6252,7
6253,4
6254,5
6255,4
6256,3
6257,0
6258,8
6259,8
6260,9
6261,1
6262,5
6263,8
6264,2
6265,2
6266,7
6267,7
6268,5
6269,1
6270,2
6271,4
6272,9
6273,7
6274,9
6275,0
6276,4
6277,3
6278,4
6279,9
6280,5
6281,5
6282,1
6283,7
6284,0
6285,7
6286,2
6287,6
6288,6
6289,0
6290,7
6291,6
6292,1
6293,8
6294,9
6295,9
6296,0
6297,3
6298,9
6299,7
6300,9
6301,7
6302,4
6303,4
6304,1
6305,7
6306,2
6307,4
6308,2
6309,8
6310,1
6311,0
6312,3
6313,0
6314,3
6315,9
6316,9
6317,7
6318,3
6319,6
6320,1
6321,8
6322,7
6323,8
6324,2
6325,4
6326,9
6327,6
6328,3
6329,1
6330,0
6331,4
6332,8
6333,6
6334,4
6335,1
6336,4
6337,2
6338,7
6339,9
6340,3
6341,1
6342,6
6343,7
6344,1
6345,7
6346,0
6347,0
6348,7
6349,7
6350,6
6351,3
6352,9
6353,1
6354,7
6355,9
6356,6
6357,2
6358,9
6359,1
6360,9
6361,6
6362,2
6363,2
6364,3
6365,5
6366,1
6367,5
6368,5
6369,5
6370,6
6371,1
6372,4
6373,4
6374,1
6375,5
6376,7
6377,1
6378,9
6379,4
6380,3
6381,1
6382,1
6383,9
6384,4
6385,2
6386,1
6387,7
6388,4
6389,4
6390,4
6391,1
6392,8
6393,4
6394,4
6395,7
6396,4
6397,6
6398,3
6399,8
6400,0
6401,7
6402,3
6403,0
6404,0
6405,4
6406,8
6407,2
6408,4
6409,0
6410,0
6411,3
6412,1
6413,9
6414,6
6415,0
6416,4
6417,5
6418,4
6419,8
6420,6
6421,6
6422,3
6423,6
6424,4
6425,1
6426,0
6427,5
6428,3
6429,6
6430,7
6431,2
6432,8
6433,9
6434,6
6435,7
6436,9
6437,9
6438,4
6439,6
6440,5
6441,3
6442,4
6443,9
6444,9
6445,3
6446,9
6447,1
6448,6
6449,7
6450,6
6451,1
6452,1
6453,3
6454,3
6455,0
6456,9
6457,8
6458,0
6459,7
6460,3
6461,7
6462,4
6463,6
6464,4
6465,9
6466,9
6467,0
6468,2
6469,0
6470,3
6471,9
6472,9
6473,3
6474,8
6475,5
6476,4
6477,1
6478,8
6479,0
6480,4
6481,8
6482,0
6483,5
6484,1
6485,6
6486,7
6487,4
6488,5
6489,1
6490,8
6491,9
6492,8
6493,0
6494,5
6495,6
6496,9
6497,7
6498,9
6499,1
6500,5
6501,0
6502,0
6503,1
6504,0
6505,8
6506,1
6507,1
6508,9
6509,8
6510,0
6511,6
6512,7
6513,7
6514,3
6515,0
6516,8
6517,9
6518,0
6519,1
6520,7
6521,3
6522,8
6523,0
6524,0
6525,4
6526,2
6527,3
6528,4
6529,4
6530,8
6531,3
6532,7
6533,7
6534,7
6535,8
6536,8
6537,9
6538,9
6539,3
6540,6
6541,5
6542,6
6543,7
6544,7
6545,8
6546,4
6547,5
6548,0
6549,2
6550,3
6551,1
6552,0
6553,2
6554,7
6555,3
6556,3
6557,7
6558,8
6559,1
6560,7
6561,5
6562,8
6563,7
6564,8
6565,2
6566,2
6567,3
6568,5
6569,1
6570,8
6571,8
6572,3
6573,9
6574,0
6575,6
6576,4
6577,9
6578,4
6579,0
6580,3
6581,9
6582,5
6583,8
6584,1
6585,4
6586,4
6587,4
6588,8
6589,9
6590,6
6591,8
6592,5
6593,7
6594,6
6595,8
6596,1
6597,8
6598,1
6599,6
6600,8
6601,7
6602,9
6603,0
6604,2
6605,2
6606,0
6607,9
6608,2
6609,1
6610,3
6611,8
6612,4
6613,8
6614,4
6615,1
6616,3
6617,0
6618,1
6619,2
6620,8
6621,3
6622,3
6623,7
6624,3
6625,1
6626,9
6627,6
6628,1
6629,6
6630,9
6631,1
6632,3
6633,2
6634,1
6635,5
6636,5
6637,3
6638,6
6639,7
6640,7
6641,7
6642,6
6643,6
6644,6
6645,6
6646,2
6647,6
6648,5
6649,9
6650,7
6651,5
6652,2
6653,5
6654,9
6655,0
6656,0
6657,0
6658,7
6659,1
6660,2
6661,9
6662,5
6663,2
6664,1
6665,5
6666,8
6667,6
6668,3
6669,0
6670,7
6671,3
6672,1
6673,9
6674,0
6675,2
6676,0
6677,0
6678,3
6679,8
6680,3
6681,2
6682,6
6683,0
6684,2
6685,3
6686,3
6687,9
6688,8
6689,7
6690,8
6691,4
6692,8
6693,9
6694,8
6695,9
6696,9
6697,0
6698,3
6699,3
6700,6
6701,3
6702,0
6703,1
6704,2
6705,7
6706,1
6707,5
6708,6
6709,7
6710,8
6711,5
6712,8
6713,2
6714,1
6715,9
6716,6
6717,6
6718,5
6719,6
6720,7
6721,4
6722,0
6723,4
6724,0
6725,2
6726,9
6727,1
6728,5
6729,2
6730,7
6731,4
6732,7
6733,6
6734,4
6735,4
6736,2
6737,0
6738,4
6739,6
6740,7
6741,4
6742,7
6743,5
6744,7
6745,1
6746,6
6747,6
6748,1
6749,9
6750,4
6751,9
6752,0
6753,5
6754,7
6755,7
6756,6
6757,7
6758,2
6759,7
6760,1
6761,4
6762,0
6763,2
6764,7
6765,1
6766,4
6767,7
6768,9
6769,9
6770,1
6771,8
6772,8
6773,0
6774,6
6775,0
6776,3
6777,3
6778,1
6779,5
6780,1
6781,3
6782,7
6783,4
6784,5
6785,9
6786,1
6787,6
6788,0
6789,9
6790,2
6791,6
6792,7
6793,4
6794,8
6795,8
6796,0
6797,0
6798,2
6799,1
6800,3
6801,4
6802,5
6803,5
6804,7
6805,3
6806,6
6807,4
6808,2
6809,0
6810,6
6811,2
6812,1
6813,4
6814,0
6815,5
6816,2
6817,8
6818,2
6819,0
6820,9
6821,9
6822,7
6823,4
6824,4
6825,4
6826,7
6827,0
6828,9
6829,3
6830,1
6831,6
6832,1
6833,5
6834,5
6835,3
6836,4
6837,2
6838,4
6839,8
6840,4
6841,3
6842,5
6843,6
6844,0
6845,5
6846,5
6847,5
6848,5
6849,1
6850,1
6851,1
6852,7
6853,3
6854,3
6855,7
6856,2
6857,0
6858,8
6859,9
6860,4
6861,9
6862,9
6863,1
6864,4
6865,7
6866,2
6867,5
6868,2
6869,4
6870,8
6871,6
6872,6
6873,8
6874,0
6875,9
6876,3
6877,1
6878,0
6879,6
6880,6
6881,8
6882,7
6883,3
6884,2
6885,5
6886,3
6887,1
6888,3
6889,5
6890,5
6891,0
6892,3
6893,4
6894,9
6895,2
6896,9
6897,0
6898,9
6899,7
6900,8
6901,9
6902,0
6903,4
6904,1
6905,9
6906,6
6907,4
6908,2
6909,8
6910,7
6911,4
6912,3
6913,4
6914,1
6915,4
6916,6
6917,8
6918,2
6919,3
6920,7
6921,8
6922,3
6923,3
6924,5
6925,8
6926,0
6927,4
6928,1
6929,0
6930,5
6931,4
6932,5
6933,0
6934,2
6935,2
6936,1
6937,4
6938,9
6939,2
6940,4
6941,4
6942,3
6943,0
6944,7
6945,2
6946,3
6947,5
6948,5
6949,4
6950,2
6951,9
6952,1
6953,5
6954,3
6955,9
6956,1
6957,4
6958,3
6959,3
6960,0
6961,6
6962,6
6963,7
6964,2
6965,3
6966,3
6967,8
6968,9
6969,9
6970,0
6971,1
6972,7
6973,7
6974,8
6975,0
6976,1
6977,0
6978,4
6979,3
6980,6
6981,1
6982,4
6983,7
6984,5
6985,9
6986,0
6987,4
6988,6
6989,5
6990,6
6991,1
6992,0
6993,1
6994,5
6995,5
6996,8
6997,1
6998,0
6999,5
7000,2
7001,3
7002,3
7003,5
7004,8
7005,8
7006,7
7007,2
7008,2
7009,0
7010,6
7011,9
7012,0
7013,2
7014,8
7015,4
7016,1
7017,9
7018,5
7019,1
7020,5
7021,5
7022,8
7023,9
7024,7
7025,2
7026,6
7027,1
7028,7
7029,7
7030,4
7031,6
7032,4
7033,8
7034,7
7035,6
7036,7
7037,5
7038,1
7039,5
7040,9
7041,3
7042,7
7043,0
7044,9
7045,8
7046,8
7047,5
7048,5
7049,3
7050,2
7051,9
7052,9
7053,7
7054,4
7055,6
7056,4
7057,3
7058,3
7059,2
7060,5
7061,8
7062,0
7063,5
7064,9
7065,9
7066,0
7067,7
7068,8
7069,4
7070,0
7071,5
7072,4
7073,2
7074,3
7075,5
7076,2
7077,1
7078,0
7079,9
7080,6
7081,5
7082,7
7083,9
7084,8
7085,7
7086,3
7087,8
7088,4
7089,0
7090,6
7091,8
7092,3
7093,0
7094,1
7095,4
7096,6
7097,2
7098,0
7099,5
7100,2
7101,7
7102,2
7103,0
7104,8
7105,8
7106,2
7107,6
7108,1
7109,6
7110,1
7111,2
7112,1
7113,9
7114,3
7115,6
7116,4
7117,9
7118,7
7119,2
7120,4
7121,8
7122,0
7123,0
7124,2
7125,2
7126,4
7127,7
7128,5
7129,2
7130,3
7131,3
7132,9
7133,0
7134,8
7135,9
7136,3
7137,7
7138,5
7139,8
7140,4
7141,1
7142,6
7143,0
7144,1
7145,8
7146,7
7147,6
7148,1
7149,8
7150,4
7151,5
7152,6
7153,4
7154,6
7155,6
7156,2
7157,5
7158,0
7159,3
7160,4
7161,6
7162,5
7163,5
7164,3
7165,9
7166,6
7167,9
7168,8
7169,1
7170,8
7171,8
7172,0
7173,8
7174,5
7175,4
7176,4
7177,9
7178,6
7179,5
7180,1
7181,9
7182,0
7183,2
7184,4
7185,8
7186,1
7187,2
7188,9
7189,3
7190,2
7191,4
7192,9
7193,0
7194,3
7195,8
7196,5
7197,5
7198,0
7199,4
7200,3
7201,5
7202,4
7203,1
7204,5
7205,4
7206,4
7207,5
7208,9
7209,1
7210,4
7211,1
7212,0
7213,4
7214,1
7215,4
7216,7
7217,8
7218,8
7219,3
7220,4
7221,7
7222,6
7223,9
7224,1
7225,2
7226,3
7227,9
7228,1
7229,5
7230,9
7231,2
7232,6
7233,9
7234,1
7235,4
7236,4
7237,5
7238,3
7239,3
7240,8
7241,3
7242,6
7243,8
7244,2
7245,3
7246,3
7247,3
7248,4
7249,4
7250,4
7251,4
7252,3
7253,1
7254,3
7255,8
7256,8
7257,2
7258,9
7259,3
7260,7
7261,5
7262,0
7263,2
7264,2
7265,8
7266,1
7267,2
7268,2
7269,9
7270,1
7271,6
7272,7
7273,3
7274,0
7275,5
7276,2
7277,5
7278,9
7279,0
7280,4
7281,0
7282,7
7283,0
7284,3
7285,1
7286,8
7287,0
7288,1
7289,8
7290,8
7291,7
7292,5
7293,5
7294,4
7295,3
7296,3
7297,1
7298,3
7299,0
7300,4
7301,5
7302,0
7303,8
7304,8
7305,6
7306,3
7307,9
7308,9
7309,6
7310,8
7311,9
7312,2
7313,8
7314,2
7315,6
7316,6
7317,8
7318,5
7319,3
7320,6
7321,1
7322,0
7323,3
7324,2
7325,7
7326,5
7327,8
7328,6
7329,1
7330,3
7331,1
7332,7
7333,0
7334,4
7335,7
7336,2
7337,5
7338,9
7339,0
7340,4
7341,3
7342,1
7343,8
7344,5
7345,8
7346,3
7347,7
7348,5
7349,3
7350,2
7351,0
7352,1
7353,2
7354,7
7355,2
7356,0
7357,1
7358,4
7359,4
7360,0
7361,3
7362,2
7363,7
7364,2
7365,5
7366,5
7367,5
7368,0
7369,9
7370,0
7371,6
7372,7
7373,6
7374,7
7375,0
7376,0
7377,3
7378,3
7379,0
7380,8
7381,9
7382,4
7383,8
7384,6
7385,9
7386,5
7387,4
7388,2
7389,7
7390,2
7391,1
7392,4
7393,7
7394,8
7395,2
7396,6
7397,2
7398,2
7399,3
7400,9
7401,6
7402,6
7403,7
7404,0
7405,2
7406,9
7407,7
7408,5
7409,3
7410,7
7411,9
7412,2
7413,7
7414,0
7415,0
7416,2
7417,0
7418,8
7419,7
7420,5
7421,5
7422,4
7423,3
7424,1
7425,8
7426,5
7427,7
7428,6
7429,7
7430,6
7431,5
7432,9
7433,5
7434,2
7435,5
7436,9
7437,7
7438,5
7439,8
7440,2
7441,6
7442,1
7443,1
7444,4
7445,4
7446,0
7447,8
7448,1
7449,7
7450,5
7451,2
7452,1
7453,5
7454,4
7455,1
7456,8
7457,0
7458,1
7459,2
7460,8
7461,0
7462,4
7463,3
7464,1
7465,8
7466,0
7467,8
7468,2
7469,0
7470,8
7471,1
7472,1
7473,2
7474,5
7475,1
7476,4
7477,6
7478,3
7479,9
7480,7
7481,7
7482,0
7483,7
7484,6
7485,1
7486,5
7487,1
7488,7
7489,3
7490,7
7491,2
7492,2
7493,5
7494,4
7495,2
7496,0
7497,5
7498,0
7499,2
7500,6
7501,2
7502,5
7503,0
7504,0
7505,7
7506,6
7507,2
7508,2
7509,6
7510,6
7511,9
7512,8
7513,4
7514,8
7515,6
7516,8
7517,3
7518,5
7519,9
7520,5
7521,6
7522,7
7523,3
7524,0
7525,2
7526,0
7527,4
7528,8
7529,4
7530,4
7531,0
7532,7
7533,9
7534,2
7535,7
7536,4
7537,1
7538,8
7539,8
7540,8
7541,1
7542,2
7543,6
7544,4
7545,7
7546,6
7547,6
7548,3
7549,3
7550,3
7551,9
7552,3
7553,0
7554,7
7555,9
7556,2
7557,8
7558,6
7559,8
7560,5
7561,4
7562,8
7563,2
7564,8
7565,8
7566,5
7567,5
7568,4
7569,3
7570,8
7571,3
7572,2
7573,5
7574,0
7575,8
7576,8
7577,6
7578,9
7579,9
7580,8
7581,4
7582,2
7583,3
7584,6
7585,0
7586,5
7587,9
7588,6
7589,5
7590,7
7591,3
7592,9
7593,1
7594,5
7595,3
7596,0
7597,5
7598,8
7599,0
7600,6
7601,4
7602,1
7603,1
7604,1
7605,8
7606,1
7607,9
7608,0
7609,4
7610,4
7611,4
7612,8
7613,8
7614,5
7615,0
7616,3
7617,1
7618,2
7619,0
7620,9
7621,5
7622,4
7623,3
7624,5
7625,8
7626,3
7627,5
7628,1
7629,2
7630,8
7631,9
7632,7
7633,9
7634,8
7635,1
7636,6
7637,8
7638,5
7639,3
7640,6
7641,7
7642,9
7643,6
7644,4
7645,5
7646,2
7647,1
7648,8
7649,3
7650,3
7651,4
7652,6
7653,1
7654,9
7655,2
7656,9
7657,6
7658,2
7659,4
7660,3
7661,2
7662,9
7663,0
7664,2
7665,8
7666,6
7667,9
7668,4
7669,7
7670,6
7671,2
7672,0
7673,2
7674,3
7675,1
7676,7
7677,8
7678,3
7679,1
7680,6
7681,7
7682,3
7683,6
7684,1
7685,5
7686,7
7687,0
7688,6
7689,7
7690,3
7691,8
7692,6
7693,9
7694,5
7695,5
7696,1
7697,6
7698,4
7699,9
7700,5
7701,1
7702,6
7703,8
7704,6
7705,5
7706,7
7707,1
7708,7
7709,3
7710,9
7711,0
7712,8
7713,4
7714,1
7715,2
7716,0
7717,0
7718,3
7719,7
7720,7
7721,8
7722,8
7723,6
7724,9
7725,5
7726,5
7727,1
7728,2
7729,7
7730,9
7731,6
7732,3
7733,1
7734,6
7735,2
7736,8
7737,6
7738,4
7739,0
7740,7
7741,0
7742,9
7743,6
7744,4
7745,5
7746,0
7747,3
7748,5
7749,0
7750,5
7751,9
7752,9
7753,2
7754,0
7755,5
7756,0
7757,6
7758,5
7759,7
7760,1
7761,8
7762,3
7763,0
7764,2
7765,1
7766,7
7767,2
7768,2
7769,1
7770,8
7771,1
7772,9
7773,9
7774,5
7775,0
7776,1
7777,9
7778,6
7779,4
7780,4
7781,6
7782,5
7783,3
7784,8
7785,3
7786,1
7787,6
7788,4
7789,3
7790,1
7791,0
7792,0
7793,4
7794,9
7795,8
7796,4
7797,7
7798,1
7799,9
7800,2
7801,4
7802,4
7803,9
7804,9
7805,6
7806,1
7807,7
7808,6
7809,8
7810,7
7811,3
7812,1
7813,3
7814,5
7815,6
7816,2
7817,4
7818,7
7819,8
7820,7
7821,8
7822,8
7823,8
7824,9
7825,6
7826,0
7827,2
7828,1
7829,0
7830,5
7831,8
7832,2
7833,1
7834,7
7835,9
7836,4
7837,7
7838,3
7839,9
7840,4
7841,5
7842,2
7843,2
7844,5
7845,9
7846,5
7847,3
7848,2
7849,9
7850,7
7851,5
7852,9
7853,3
7854,7
7855,2
7856,8
7857,3
7858,8
7859,8
7860,7
7861,9
7862,3
7863,9
7864,8
7865,4
7866,7
7867,1
7868,1
7869,6
7870,8
7871,0
7872,0
7873,4
7874,4
7875,0
7876,6
7877,8
7878,2
7879,2
7880,7
7881,2
7882,6
7883,5
7884,6
7885,0
7886,7
7887,4
7888,0
7889,4
7890,6
7891,4
7892,9
7893,6
7894,8
7895,1
7896,5
7897,0
7898,3
7899,9
7900,3
7901,8
7902,4
7903,5
7904,6
7905,7
7906,8
7907,7
7908,4
7909,3
7910,4
7911,1
7912,1
7913,9
7914,6
7915,3
7916,0
7917,6
7918,6
7919,8
7920,2
7921,9
7922,7
7923,2
7924,4
7925,6
7926,7
7927,7
7928,0
7929,6
7930,4
7931,4
7932,1
7933,7
7934,4
7935,5
7936,4
7937,8
7938,2
7939,3
7940,3
7941,3
7942,5
7943,2
7944,2
7945,5
7946,4
7947,4
7948,3
7949,7
7950,0
7951,6
7952,2
7953,4
7954,0
7955,9
7956,0
7957,6
7958,3
7959,4
7960,0
7961,2
7962,5
7963,7
7964,3
7965,8
7966,7
7967,5
7968,5
7969,0
7970,3
7971,6
7972,0
7973,2
7974,4
7975,7
7976,7
7977,0
7978,9
7979,5
7980,0
7981,6
7982,4
7983,0
7984,9
7985,6
7986,0
7987,9
7988,9
7989,7
7990,9
7991,8
7992,0
7993,5
7994,8
7995,8
7996,6
7997,4
7998,9
7999,0
8000,1
8001,7
8002,6
8003,6
8004,3
8005,6
8006,3
8007,4
8008,4
8009,7
8010,7
8011,7
8012,5
8013,4
8014,6
8015,0
8016,9
8017,9
8018,0
8019,4
8020,0
8021,5
8022,9
8023,4
8024,4
8025,0
8026,9
8027,5
8028,3
8029,4
8030,6
8031,0
8032,0
8033,6
8034,1
8035,0
8036,2
8037,7
8038,2
8039,4
8040,1
8041,9
8042,4
8043,3
8044,5
8045,5
8046,1
8047,0
8048,7
8049,8
8050,3
8051,2
8052,3
8053,7
8054,0
8055,9
8056,2
8057,2
8058,0
8059,6
8060,4
8061,3
8062,5
8063,5
8064,9
8065,2
8066,1
8067,2
8068,9
8069,2
8070,0
8071,9
8072,7
8073,5
8074,3
8075,5
8076,8
8077,6
8078,8
8079,7
8080,5
8081,7
8082,8
8083,1
8084,4
8085,1
8086,9
8087,2
8088,9
8089,2
8090,2
8091,3
8092,0
8093,0
8094,8
8095,1
8096,8
8097,2
8098,4
8099,8
8100,6
8101,9
8102,1
8103,6
8104,8
8105,1
8106,3
8107,8
8108,2
8109,2
8110,7
8111,2
8112,9
8113,1
8114,5
8115,9
8116,8
8117,4
8118,9
8119,4
8120,8
8121,4
8122,2
8123,6
8124,8
8125,5
8126,1
8127,9
8128,0
8129,0
8130,0
8131,3
8132,6
8133,1
8134,5
8135,6
8136,4
8137,2
8138,9
8139,1
8140,0
8141,2
8142,0
8143,4
8144,5
8145,4
8146,9
8147,4
8148,1
8149,9
8150,0
8151,3
8152,0
8153,4
8154,3
8155,4
8156,1
8157,3
8158,9
8159,0
8160,9
8161,1
8162,2
8163,1
8164,8
8165,1
8166,9
8167,4
8168,0
8169,1
8170,0
8171,4
8172,9
8173,8
8174,7
8175,2
8176,4
8177,1
8178,6
8179,1
8180,0
8181,6
8182,2
8183,6
8184,9
8185,3
8186,1
8187,7
8188,6
8189,0
8190,4
8191,5
8192,2
8193,8
8194,8
8195,8
8196,2
8197,3
8198,5
8199,4
8200,5
8201,3
8202,5
8203,9
8204,8
8205,8
8206,2
8207,1
8208,3
8209,7
8210,1
8211,8
8212,6
8213,2
8214,5
8215,2
8216,8
8217,1
8218,4
8219,3
8220,4
8221,7
8222,4
8223,2
8224,2
8225,0
8226,2
8227,6
8228,1
8229,7
8230,6
8231,4
8232,4
8233,2
8234,6
8235,5
8236,9
8237,3
8238,2
8239,1
8240,1
8241,9
8242,5
8243,0
8244,9
8245,0
8246,3
8247,1
8248,1
8249,3
8250,7
8251,7
8252,7
8253,5
8254,9
8255,0
8256,0
8257,8
8258,2
8259,0
8260,4
8261,2
8262,3
8263,9
8264,7
8265,4
8266,7
8267,2
8268,3
8269,3
8270,4
8271,4
8272,3
8273,7
8274,2
8275,4
8276,6
8277,6
8278,2
8279,0
8280,9
8281,3
8282,9
8283,3
8284,8
8285,1
8286,3
8287,6
8288,3
8289,7
8290,9
8291,7
8292,4
8293,7
8294,3
8295,0
8296,3
8297,1
8298,2
8299,1
8300,2
8301,5
8302,8
8303,4
8304,6
8305,0
8306,5
8307,3
8308,8
8309,6
8310,1
8311,1
8312,2
8313,0
8314,7
8315,8
8316,6
8317,4
8318,4
8319,8
8320,0
8321,7
8322,9
8323,4
8324,9
8325,6
8326,5
8327,8
8328,2
8329,1
8330,6
8331,4
8332,0
8333,7
8334,2
8335,4
8336,9
8337,2
8338,7
8339,5
8340,1
8341,5
8342,7
8343,4
8344,3
8345,2
8346,1
8347,5
8348,9
8349,4
8350,5
8351,5
8352,9
8353,0
8354,1
8355,6
8356,1
8357,8
8358,1
8359,5
8360,6
8361,2
8362,5
8363,6
8364,7
8365,1
8366,8
8367,3
8368,4
8369,3
8370,0
8371,1
8372,0
8373,1
8374,6
8375,0
8376,9
8377,4
8378,9
8379,4
8380,1
8381,5
8382,3
8383,7
8384,2
8385,0
8386,4
8387,5
8388,8
8389,3
8390,0
8391,7
8392,4
8393,4
8394,5
8395,4
8396,7
8397,6
8398,2
8399,5
8400,9
8401,8
8402,1
8403,8
8404,5
8405,0
8406,4
8407,7
8408,5
8409,9
8410,4
8411,2
8412,4
8413,0
8414,6
8415,2
8416,2
8417,8
8418,7
8419,7
8420,9
8421,5
8422,3
8423,2
8424,5
8425,0
8426,1
8427,3
8428,1
8429,9
8430,7
8431,2
8432,7
8433,5
8434,6
8435,2
8436,3
8437,9
8438,4
8439,8
8440,3
8441,7
8442,4
8443,5
8444,4
8445,8
8446,2
8447,8
8448,8
8449,1
8450,8
8451,7
8452,8
8453,0
8454,9
8455,4
8456,8
8457,2
8458,4
8459,5
8460,5
8461,3
8462,2
8463,7
8464,7
8465,7
8466,9
8467,3
8468,1
8469,3
8470,8
8471,9
8472,4
8473,2
8474,3
8475,0
8476,3
8477,6
8478,1
8479,7
8480,3
8481,9
8482,1
8483,6
8484,6
8485,8
8486,8
8487,4
8488,2
8489,8
8490,3
8491,3
8492,5
8493,0
8494,6
8495,2
8496,7
8497,7
8498,6
8499,5
8500,4
8501,3
8502,9
8503,9
8504,5
8505,3
8506,8
8507,7
8508,1
8509,4
8510,1
8511,4
8512,1
8513,2
8514,5
8515,7
8516,6
8517,5
8518,4
8519,7
8520,0
8521,6
8522,6
8523,4
8524,8
8525,7
8526,4
8527,5
8528,2
8529,5
8530,1
8531,4
8532,3
8533,1
8534,1
8535,7
8536,8
8537,2
8538,5
8539,7
8540,4
8541,8
8542,5
8543,9
8544,0
8545,1
8546,0
8547,1
8548,2
8549,9
8550,8
8551,7
8552,4
8553,6
8554,4
8555,9
8556,9
8557,9
8558,4
8559,0
8560,4
8561,7
8562,0
8563,2
8564,7
8565,9
8566,4
8567,8
8568,1
8569,7
8570,5
8571,4
8572,7
8573,3
8574,4
8575,5
8576,5
8577,8
8578,8
8579,9
8580,7
8581,1
8582,2
8583,0
8584,3
8585,3
8586,0
8587,9
8588,4
8589,6
8590,5
8591,0
8592,8
8593,9
8594,7
8595,1
8596,6
8597,6
8598,5
8599,4
8600,4
8601,4
8602,0
8603,1
8604,0
8605,6
8606,8
8607,0
8608,2
8609,1
8610,0
8611,2
8612,0
8613,0
8614,2
8615,0
8616,7
8617,6
8618,0
8619,3
8620,9
8621,7
8622,2
8623,8
8624,7
8625,8
8626,8
8627,2
8628,5
8629,0
8630,1
8631,9
8632,2
8633,6
8634,1
8635,3
8636,0
8637,3
8638,5
8639,4
8640,1
8641,3
8642,9
8643,3
8644,0
8645,2
8646,3
8647,3
8648,4
8649,2
8650,4
8651,3
8652,7
8653,7
8654,1
8655,8
8656,9
8657,0
8658,7
8659,4
8660,0
8661,4
8662,8
8663,2
8664,3
8665,8
8666,8
8667,5
8668,1
8669,8
8670,1
8671,1
8672,4
8673,3
8674,3
8675,7
8676,3
8677,8
8678,7
8679,2
8680,4
8681,2
8682,8
8683,2
8684,8
8685,0
8686,1
8687,6
8688,3
8689,2
8690,4
8691,5
8692,2
8693,9
8694,3
8695,6
8696,4
8697,9
8698,7
8699,0
8700,4
8701,0
8702,0
8703,8
8704,4
8705,9
8706,9
8707,3
8708,8
8709,6
8710,3
8711,9
8712,1
8713,6
8714,7
8715,9
8716,4
8717,9
8718,4
8719,0
8720,8
8721,8
8722,8
8723,3
8724,1
8725,5
8726,9
8727,1
8728,4
8729,3
8730,5
8731,4
8732,8
8733,0
8734,8
8735,3
8736,8
8737,4
8738,5
8739,1
8740,9
8741,2
8742,7
8743,4
8744,0
8745,0
8746,8
8747,4
8748,2
8749,6
8750,2
8751,6
8752,5
8753,9
8754,4
8755,9
8756,9
8757,9
8758,3
8759,6
8760,8
8761,0
8762,4
8763,7
8764,1
8765,6
8766,4
8767,5
8768,8
8769,5
8770,7
8771,4
8772,1
8773,1
8774,9
8775,4
8776,3
8777,0
8778,0
8779,5
8780,3
8781,7
8782,4
8783,8
8784,6
8785,0
8786,8
8787,0
8788,7
8789,5
8790,7
8791,5
8792,8
8793,4
8794,5
8795,5
8796,2
8797,3
8798,7
8799,6
8800,3
8801,7
8802,6
8803,6
8804,6
8805,9
8806,4
8807,8
8808,7
8809,0
8810,4
8811,9
8812,0
8813,4
8814,6
8815,8
8816,9
8817,6
8818,1
8819,9
8820,1
8821,2
8822,7
8823,5
8824,7
8825,0
8826,0
8827,4
8828,2
8829,7
8830,9
8831,0
8832,1
8833,0
8834,1
8835,3
8836,3
8837,8
8838,0
8839,0
8840,2
8841,3
8842,7
8843,0
8844,4
8845,1
8846,2
8847,0
8848,1
8849,1
8850,1
8851,9
8852,3
8853,9
8854,2
8855,8
8856,0
8857,6
8858,0
8859,7
8860,1
8861,3
8862,7
8863,0
8864,7
8865,8
8866,6
8867,7
8868,7
8869,3
8870,9
8871,4
8872,1
8873,8
8874,1
8875,1
8876,8
8877,0
8878,1
8879,9
8880,3
8881,4
8882,7
8883,8
8884,5
8885,0
8886,9
8887,0
8888,1
8889,2
8890,3
8891,9
8892,3
8893,3
8894,3
8895,9
8896,0
8897,8
8898,7
8899,8
8900,0
8901,3
8902,4
8903,3
8904,9
8905,0
8906,2
8907,8
8908,8
8909,3
8910,5
8911,3
8912,2
8913,7
8914,8
8915,4
8916,1
8917,7
8918,2
8919,3
8920,7
8921,4
8922,0
8923,9
8924,3
8925,8
8926,8
8927,7
8928,3
8929,8
8930,5
8931,7
8932,1
8933,1
8934,4
8935,3
8936,4
8937,3
8938,4
8939,7
8940,2
8941,8
8942,0
8943,5
8944,4
8945,4
8946,6
8947,3
8948,5
8949,1
8950,7
8951,9
8952,6
8953,1
8954,4
8955,3
8956,6
8957,8
8958,5
8959,7
8960,5
8961,5
8962,3
8963,8
8964,8
8965,3
8966,0
8967,1
8968,1
8969,0
8970,5
8971,4
8972,3
8973,0
8974,4
8975,1
8976,5
8977,0
8978,5
8979,1
8980,7
8981,8
8982,3
8983,0
8984,5
8985,4
8986,0
8987,7
8988,8
8989,9
8990,3
8991,3
8992,3
8993,4
8994,3
8995,1
8996,4
8997,0
8998,9
8999,5
9000,3
9001,5
9002,7
9003,3
9004,4
9005,8
9006,8
9007,5
9008,4
9009,1
9010,1
9011,3
9012,5
9013,8
9014,7
9015,5
9016,9
9017,1
9018,3
9019,3
9020,4
9021,7
9022,3
9023,8
9024,5
9025,3
9026,2
9027,2
9028,7
9029,8
9030,3
9031,0
9032,3
9033,0
9034,7
9035,5
9036,0
9037,1
9038,5
9039,2
9040,5
9041,0
9042,7
9043,8
9044,1
9045,0
9046,9
9047,9
9048,7
9049,2
9050,3
9051,2
9052,1
9053,5
9054,0
9055,2
9056,8
9057,0
9058,3
9059,6
9060,6
9061,7
9062,8
9063,9
9064,5
9065,0
9066,4
9067,6
9068,1
9069,3
9070,5
9071,1
9072,0
9073,3
9074,3
9075,3
9076,5
9077,8
9078,8
9079,9
9080,4
9081,3
9082,3
9083,7
9084,2
9085,7
9086,6
9087,0
9088,6
9089,9
9090,2
9091,4
9092,9
9093,3
9094,3
9095,2
9096,5
9097,9
9098,2
9099,1
9100,5
9101,2
9102,6
9103,7
9104,7
9105,1
9106,6
9107,2
9108,6
9109,4
9110,1
9111,8
9112,7
9113,3
9114,5
9115,5
9116,1
9117,6
9118,6
9119,7
9120,0
9121,3
9122,4
9123,9
9124,4
9125,1
9126,7
9127,6
9128,6
9129,9
9130,1
9131,5
9132,7
9133,2
9134,4
9135,5
9136,1
9137,5
9138,0
9139,3
9140,9
9141,2
9142,5
9143,4
9144,3
9145,6
9146,6
9147,4
9148,6
9149,8
9150,6
9151,7
9152,9
9153,2
9154,1
9155,6
9156,8
9157,5
9158,7
9159,2
9160,2
9161,5
9162,2
9163,9
9164,0
9165,7
9166,3
9167,6
9168,8
9169,4
9170,2
9171,5
9172,7
9173,1
9174,0
9175,2
9176,4
9177,7
9178,5
9179,4
9180,8
9181,0
9182,0
9183,3
9184,2
9185,4
9186,8
9187,5
9188,6
9189,2
9190,8
9191,7
9192,5
9193,2
9194,0
9195,9
9196,1
9197,4
9198,4
9199,4
9200,8
9201,3
9202,3
9203,5
9204,7
9205,8
9206,5
9207,1
9208,7
9209,1
9210,5
9211,5
9212,8
9213,6
9214,9
9215,8
9216,2
9217,4
9218,6
9219,7
9220,2
9221,0
9222,9
9223,5
9224,6
9225,2
9226,3
9227,7
9228,1
9229,1
9230,5
9231,5
9232,0
9233,1
9234,1
9235,6
9236,8
9237,1
9238,8
9239,1
9240,6
9241,2
9242,4
9243,3
9244,1
9245,2
9246,0
9247,1
9248,8
9249,8
9250,3
9251,4
9252,9
9253,4
9254,7
9255,8
9256,4
9257,1
9258,2
9259,2
9260,9
9261,8
9262,5
9263,5
9264,8
9265,1
9266,9
9267,3
9268,6
9269,3
9270,8
9271,0
9272,2
9273,1
9274,6
9275,8
9276,5
9277,1
9278,0
9279,9
9280,6
9281,7
9282,8
9283,7
9284,7
9285,2
9286,2
9287,0
9288,7
9289,9
9290,3
9291,5
9292,2
9293,3
9294,5
9295,3
9296,0
9297,7
9298,7
9299,6
9300,5
9301,6
9302,2
9303,4
9304,5
9305,4
9306,9
9307,6
9308,5
9309,3
9310,7
9311,6
9312,8
9313,0
9314,5
9315,2
9316,6
9317,0
9318,1
9319,5
9320,9
9321,5
9322,1
9323,5
9324,6
9325,4
9326,1
9327,8
9328,2
9329,5
9330,5
9331,6
9332,9
9333,3
9334,2
9335,6
9336,3
9337,3
9338,5
9339,6
9340,1
9341,1
9342,1
9343,2
9344,1
9345,9
9346,8
9347,3
9348,7
9349,6
9350,5
9351,8
9352,2
9353,4
9354,7
9355,8
9356,4
9357,1
9358,0
9359,4
9360,7
9361,0
9362,3
9363,7
9364,8
9365,4
9366,6
9367,3
9368,5
9369,6
9370,8
9371,5
9372,0
9373,9
9374,3
9375,5
9376,5
9377,8
9378,3
9379,7
9380,0
9381,9
9382,0
9383,5
9384,5
9385,4
9386,5
9387,0
9388,6
9389,4
9390,6
9391,5
9392,5
9393,7
9394,0
9395,4
9396,0
9397,3
9398,7
9399,0
9400,3
9401,3
9402,9
9403,9
9404,1
9405,8
9406,0
9407,3
9408,8
9409,9
9410,6
9411,3
9412,8
9413,1
9414,1
9415,0
9416,5
9417,3
9418,7
9419,1
9420,8
9421,2
9422,2
9423,5
9424,6
9425,2
9426,7
9427,2
9428,2
9429,8
9430,0
9431,2
9432,8
9433,2
9434,4
9435,7
9436,0
9437,1
9438,1
9439,0
9440,9
9441,0
9442,3
9443,6
9444,6
9445,8
9446,3
9447,1
9448,7
9449,3
9450,4
9451,1
9452,1
9453,5
9454,5
9455,4
9456,4
9457,1
9458,9
9459,2
9460,8
9461,1
9462,8
9463,4
9464,7
9465,0
9466,3
9467,5
9468,9
9469,4
9470,9
9471,0
9472,7
9473,1
9474,3
9475,8
9476,0
9477,1
9478,6
9479,3
9480,1
9481,9
9482,3
9483,7
9484,9
9485,0
9486,2
9487,6
9488,2
9489,4
9490,5
9491,3
9492,4
9493,5
9494,4
9495,7
9496,3
9497,3
9498,0
9499,6
9500,7
9501,6
9502,5
9503,0
9504,4
9505,8
9506,9
9507,2
9508,8
9509,1
9510,6
9511,3
9512,1
9513,4
9514,2
9515,1
9516,1
9517,5
9518,0
9519,3
9520,6
9521,6
9522,8
9523,4
9524,2
9525,7
9526,3
9527,1
9528,3
9529,1
9530,2
9531,4
9532,3
9533,4
9534,6
9535,0
9536,1
9537,4
9538,7
9539,6
9540,8
9541,9
9542,3
9543,9
9544,1
9545,2
9546,7
9547,3
9548,1
9549,3
9550,8
9551,2
9552,3
9553,5
9554,0
9555,9
9556,4
9557,2
9558,4
9559,2
9560,3
9561,6
9562,0
9563,4
9564,9
9565,7
9566,2
9567,0
9568,6
9569,4
9570,3
9571,0
9572,2
9573,3
9574,2
9575,9
9576,3
9577,1
9578,4
9579,3
9580,4
9581,7
9582,5
9583,7
9584,1
9585,6
9586,0
9587,5
9588,8
9589,2
9590,4
9591,7
9592,2
9593,9
9594,1
9595,9
9596,8
9597,4
9598,9
9599,8
9600,8
9601,6
9602,5
9603,2
9604,3
9605,0
9606,0
9607,0
9608,4
9609,6
9610,1
9611,3
9612,5
9613,4
9614,7
9615,6
9616,8
9617,8
9618,1
9619,1
9620,3
9621,7
9622,6
9623,2
9624,5
9625,8
9626,3
9627,9
9628,9
9629,5
9630,2
9631,6
9632,6
9633,9
9634,0
9635,6
9636,2
9637,6
9638,5
9639,3
9640,2
9641,7
9642,7
9643,0
9644,5
9645,6
9646,2
9647,7
9648,8
9649,0
9650,4
9651,3
9652,3
9653,4
9654,8
9655,6
9656,9
9657,1
9658,2
9659,9
9660,3
9661,1
9662,3
9663,5
9664,6
9665,3
9666,6
9667,8
9668,3
9669,4
9670,2
9671,3
9672,2
9673,5
9674,7
9675,3
9676,7
9677,3
9678,4
9679,0
9680,9
9681,4
9682,5
9683,0
9684,2
9685,0
9686,7
9687,5
9688,8
9689,8
9690,0
9691,5
9692,6
9693,3
9694,3
9695,5
9696,0
9697,6
9698,1
9699,3
9700,9
9701,1
9702,4
9703,4
9704,7
9705,0
9706,0
9707,3
9708,9
9709,3
9710,1
9711,4
9712,1
9713,4
9714,4
9715,6
9716,2
9717,7
9718,3
9719,1
9720,4
9721,9
9722,3
9723,7
9724,8
9725,6
9726,9
9727,6
9728,5
9729,2
9730,3
9731,3
9732,9
9733,6
9734,1
9735,8
9736,4
9737,7
9738,6
9739,8
9740,2
9741,6
9742,4
9743,9
9744,1
9745,3
9746,7
9747,0
9748,3
9749,6
9750,5
9751,0
9752,0
9753,4
9754,5
9755,4
9756,2
9757,0
9758,5
9759,3
9760,0
9761,5
9762,4
9763,7
9764,9
9765,2
9766,5
9767,7
9768,3
9769,3
9770,3
9771,1
9772,8
9773,5
9774,2
9775,1
9776,1
9777,9
9778,0
9779,1
9780,4
9781,4
9782,2
9783,6
9784,3
9785,8
9786,0
9787,0
9788,1
9789,7
9790,1
9791,5
9792,1
9793,5
9794,2
9795,4
9796,1
9797,0
9798,0
9799,9
9800,1
9801,5
9802,7
9803,8
9804,3
9805,1
9806,4
9807,0
9808,5
9809,3
9810,0
9811,6
9812,4
9813,1
9814,9
9815,4
9816,5
9817,4
9818,6
9819,2
9820,0
9821,0
9822,9
9823,6
9824,2
9825,5
9826,8
9827,2
9828,4
9829,2
9830,7
9831,7
9832,9
9833,1
9834,1
9835,8
9836,4
9837,4
9838,6
9839,9
9840,7
9841,2
9842,0
9843,0
9844,6
9845,8
9846,0
9847,3
9848,0
9849,0
9850,6
9851,3
9852,1
9853,3
9854,1
9855,5
9856,8
9857,5
9858,5
9859,3
9860,0
9861,5
9862,2
9863,7
9864,0
9865,2
9866,5
9867,6
9868,5
9869,3
9870,3
9871,8
9872,5
9873,5
9874,4
9875,9
9876,5
9877,6
9878,7
9879,6
9880,6
9881,2
9882,5
9883,1
9884,0
9885,8
9886,7
9887,5
9888,1
9889,4
9890,6
9891,4
9892,9
9893,1
9894,3
9895,1
9896,0
9897,6
9898,5
9899,3
9900,8
9901,8
9902,0
9903,4
9904,3
9905,4
9906,8
9907,5
9908,4
9909,7
9910,2
9911,2
9912,3
9913,4
9914,8
9915,7
9916,1
9917,5
9918,9
9919,1
9920,3
9921,6
9922,6
9923,7
9924,7
9925,4
9926,8
9927,7
9928,3
9929,1
9930,3
9931,1
9932,2
9933,7
9934,9
9935,3
9936,4
9937,3
9938,4
9939,3
9940,2
9941,9
9942,6
9943,1
9944,3
9945,7
9946,5
9947,5
9948,3
9949,2
9950,2
9951,7
9952,3
9953,1
9954,1
9955,3
9956,7
9957,0
9958,9
9959,6
9960,5
9961,1
9962,0
9963,8
9964,9
9965,9
9966,5
9967,8
9968,8
9969,4
9970,5
9971,4
9972,0
9973,4
9974,8
9975,3
9976,6
9977,6
9978,5
9979,1
9980,7
9981,0
9982,3
9983,3
9984,0
9985,9
9986,5
9987,8
9988,4
9989,7
9990,5
9991,5
9992,0
9993,7
9994,7
9995,4
9996,1
9997,2
9998,2
9999,3
10000,9
10001,5
10002,8
10003,1
10004,3
10005,8
10006,6
10007,8
10008,8
10009,1
10010,9
10011,3
10012,6
10013,5
10014,7
10015,1
10016,8
10017,3
10018,0
10019,2
10020,5
10021,3
10022,4
10023,1
10024,0
10025,1
10026,0
10027,5
10028,3
10029,7
10030,9
10031,5
10032,9
10033,6
10034,6
10035,1
10036,7
10037,7
10038,6
10039,6
10040,2
10041,8
10042,5
10043,3
10044,3
10045,5
10046,7
10047,0
10048,9
10049,0
10050,7
10051,2
10052,1
10053,4
10054,7
10055,1
10056,2
10057,0
10058,2
10059,5
10060,2
10061,7
10062,7
10063,1
10064,9
10065,5
10066,5
10067,7
10068,5
10069,1
10070,8
10071,4
10072,4
10073,9
10074,9
10075,9
10076,3
10077,2
10078,1
10079,7
10080,3
10081,9
10082,2
10083,4
10084,2
10085,3
10086,7
10087,2
10088,9
10089,4
10090,5
10091,4
10092,1
10093,0
10094,5
10095,2
10096,2
10097,3
10098,6
10099,3
10100,5
10101,1
10102,1
10103,6
10104,6
10105,1
10106,5
10107,5
10108,1
10109,7
10110,9
10111,1
10112,7
10113,6
10114,3
10115,1
10116,5
10117,1
10118,7
10119,6
10120,4
10121,2
10122,6
10123,9
10124,3
10125,2
10126,3
10127,0
10128,6
10129,6
10130,8
10131,4
10132,0
10133,0
10134,8
10135,2
10136,5
10137,8
10138,9
10139,5
10140,9
10141,6
10142,8
10143,7
10144,6
10145,6
10146,0
10147,1
10148,9
10149,3
10150,4
10151,4
10152,5
10153,4
10154,0
10155,6
10156,8
10157,5
10158,2
10159,9
10160,1
10161,5
10162,6
10163,5
10164,2
10165,7
10166,7
10167,7
10168,1
10169,8
10170,4
10171,7
10172,9
10173,3
10174,5
10175,3
10176,6
10177,0
10178,1
10179,1
10180,1
10181,3
10182,3
10183,4
10184,9
10185,5
10186,7
10187,7
10188,4
10189,0
10190,7
10191,0
10192,7
10193,0
10194,3
10195,2
10196,3
10197,6
10198,2
10199,2
10200,8
10201,5
10202,3
10203,0
10204,7
10205,5
10206,7
10207,7
10208,0
10209,7
10210,4
10211,4
10212,6
10213,9
10214,4
10215,5
10216,4
10217,8
10218,1
10219,6
10220,6
10221,4
10222,3
10223,1
10224,7
10225,3
10226,4
10227,1
10228,8
10229,4
10230,5
10231,8
10232,4
10233,2
10234,6
10235,3
10236,0
10237,1
10238,2
10239,5
10240,3
10241,1
10242,6
10243,1
10244,2
10245,1
10246,4
10247,4
10248,0
10249,9
10250,0
10251,8
10252,0
10253,2
10254,4
10255,4
10256,4
10257,8
10258,2
10259,1
10260,3
10261,9
10262,9
10263,7
10264,0
10265,4
10266,9
10267,7
10268,3
10269,8
10270,2
10271,7
10272,2
10273,0
10274,7
10275,8
10276,4
10277,4
10278,7
10279,4
10280,9
10281,1
10282,2
10283,0
10284,9
10285,9
10286,2
10287,1
10288,2
10289,5
10290,6
10291,5
10292,0
10293,4
10294,9
10295,9
10296,8
10297,6
10298,6
10299,9
10300,8
10301,8
10302,9
10303,4
10304,8
10305,4
10306,9
10307,5
10308,0
10309,3
10310,5
10311,3
10312,1
10313,6
10314,0
10315,6
10316,6
10317,8
10318,8
10319,3
10320,9
10321,6
10322,1
10323,2
10324,3
10325,4
10326,3
10327,4
10328,8
10329,7
10330,4
10331,2
10332,9
10333,0
10334,4
10335,3
10336,1
10337,3
10338,2
10339,6
10340,7
10341,4
10342,5
10343,1
10344,1
10345,0
10346,7
10347,3
10348,1
10349,0
10350,2
10351,0
10352,4
10353,9
10354,5
10355,3
10356,7
10357,6
10358,2
10359,3
10360,1
10361,4
10362,0
10363,8
10364,0
10365,6
10366,6
10367,7
10368,0
10369,2
10370,2
10371,6
10372,5
10373,3
10374,5
10375,0
10376,5
10377,2
10378,9
10379,5
10380,1
10381,4
10382,0
10383,8
10384,1
10385,6
10386,7
10387,8
10388,4
10389,6
10390,3
10391,4
10392,6
10393,4
10394,3
10395,1
10396,5
10397,3
10398,7
10399,4
10400,5
10401,4
10402,4
10403,9
10404,5
10405,7
10406,2
10407,7
10408,7
10409,9
10410,4
10411,3
10412,9
10413,3
10414,7
10415,5
10416,7
10417,2
10418,3
10419,2
10420,0
10421,4
10422,4
10423,8
10424,7
10425,9
10426,8
10427,8
10428,5
10429,6
10430,1
10431,4
10432,8
10433,0
10434,7
10435,0
10436,6
10437,8
10438,3
10439,2
10440,4
10441,8
10442,7
10443,4
10444,8
10445,6
10446,5
10447,3
10448,0
10449,7
10450,8
10451,6
10452,6
10453,2
10454,1
10455,4
10456,6
10457,4
10458,2
10459,0
10460,5
10461,7
10462,1
10463,0
10464,7
10465,5
10466,0
10467,3
10468,9
10469,0
10470,9
10471,4
10472,8
10473,6
10474,6
10475,8
10476,0
10477,9
10478,1
10479,6
10480,3
10481,2
10482,1
10483,5
10484,1
10485,9
10486,2
10487,7
10488,2
10489,0
10490,9
10491,1
10492,3
10493,5
10494,5
10495,8
10496,9
10497,4
10498,9
10499,4
10500,8
10501,0
10502,0
10503,9
10504,5
10505,7
10506,2
10507,3
10508,9
10509,9
10510,2
10511,3
10512,4
10513,2
10514,9
10515,3
10516,4
10517,8
10518,7
10519,8
10520,6
10521,9
10522,4
10523,1
10524,5
10525,8
10526,9
10527,7
10528,2
10529,1
10530,5
10531,1
10532,4
10533,7
10534,9
10535,3
10536,1
10537,8
10538,6
10539,9
10540,8
10541,1
10542,6
10543,9
10544,0
10545,0
10546,7
10547,3
10548,0
10549,3
10550,6
10551,9
10552,2
10553,3
10554,9
10555,5
10556,1
10557,6
10558,5
10559,9
10560,3
10561,4
10562,2
10563,4
10564,7
10565,3
10566,1
10567,2
10568,2
10569,9
10570,7
10571,8
10572,6
10573,9
10574,0
10575,8
10576,9
10577,8
10578,7
10579,7
10580,2
10581,6
10582,0
10583,1
10584,9
10585,5
10586,6
10587,9
10588,6
10589,2
10590,0
10591,3
10592,8
10593,0
10594,2
10595,0
10596,8
10597,7
10598,3
10599,3
10600,1
10601,7
10602,3
10603,3
10604,6
10605,6
10606,3
10607,6
10608,6
10609,1
10610,3
10611,7
10612,3
10613,5
10614,8
10615,2
10616,0
10617,5
10618,7
10619,5
10620,2
10621,9
10622,8
10623,5
10624,7
10625,2
10626,5
10627,4
10628,5
10629,3
10630,6
10631,5
10632,9
10633,9
10634,5
10635,3
10636,2
10637,1
10638,9
10639,4
10640,4
10641,9
10642,2
10643,8
10644,6
10645,6
10646,3
10647,9
10648,3
10649,6
10650,0
10651,0
10652,9
10653,8
10654,5
10655,2
10656,2
10657,8
10658,9
10659,0
10660,4
10661,9
10662,7
10663,6
10664,2
10665,6
10666,5
10667,5
10668,9
10669,8
10670,2
10671,8
10672,0
10673,6
10674,1
10675,3
10676,8
10677,1
10678,6
10679,6
10680,2
10681,0
10682,9
10683,1
10684,0
10685,1
10686,5
10687,1
10688,8
10689,0
10690,0
10691,8
10692,0
10693,3
10694,3
10695,1
10696,6
10697,3
10698,4
10699,9
10700,2
10701,4
10702,7
10703,3
10704,2
10705,7
10706,6
10707,8
10708,8
10709,7
10710,5
10711,5
10712,4
10713,3
10714,8
10715,8
10716,3
10717,7
10718,4
10719,8
10720,6
10721,5
10722,7
10723,1
10724,0
10725,5
10726,5
10727,2
10728,1
10729,5
10730,1
10731,3
10732,2
10733,6
10734,8
10735,1
10736,0
10737,5
10738,8
10739,2
10740,7
10741,8
10742,0
10743,2
10744,7
10745,1
10746,9
10747,3
10748,7
10749,2
10750,6
10751,0
10752,4
10753,7
10754,8
10755,2
10756,8
10757,8
10758,5
10759,9
10760,7
10761,4
10762,2
10763,3
10764,2
10765,1
10766,7
10767,3
10768,0
10769,1
10770,6
10771,3
10772,3
10773,8
10774,9
10775,7
10776,5
10777,8
10778,1
10779,1
10780,5
10781,2
10782,1
10783,6
10784,3
10785,3
10786,6
10787,6
10788,8
10789,1
10790,0
10791,1
10792,2
10793,9
10794,8
10795,1
10796,2
10797,9
10798,0
10799,8
10800,7
10801,3
10802,2
10803,8
10804,7
10805,1
10806,0
10807,6
10808,8
10809,3
10810,2
10811,8
10812,9
10813,9
10814,5
10815,3
10816,7
10817,1
10818,4
10819,3
10820,4
10821,6
10822,0
10823,7
10824,9
10825,5
10826,0
10827,0
10828,0
10829,1
10830,2
10831,9
10832,0
10833,3
10834,8
10835,1
10836,9
10837,2
10838,3
10839,4
10840,4
10841,6
10842,3
10843,7
10844,9
10845,9
10846,6
10847,8
10848,8
10849,2
10850,7
10851,0
10852,6
10853,8
10854,1
10855,3
10856,0
10857,9
10858,4
10859,0
10860,9
10861,6
10862,6
10863,4
10864,9
10865,6
10866,5
10867,2
10868,0
10869,2
10870,1
10871,3
10872,8
10873,4
10874,6
10875,3
10876,1
10877,7
10878,9
10879,6
10880,3
10881,8
10882,0
10883,9
10884,3
10885,1
10886,6
10887,2
10888,7
10889,0
10890,5
10891,1
10892,8
10893,0
10894,5
10895,8
10896,6
10897,0
10898,2
10899,6
10900,7
10901,1
10902,4
10903,8
10904,4
10905,0
10906,5
10907,7
10908,3
10909,3
10910,9
10911,7
10912,9
10913,1
10914,3
10915,8
10916,2
10917,7
10918,0
10919,1
10920,0
10921,3
10922,8
10923,1
10924,6
10925,3
10926,0
10927,3
10928,2
10929,1
10930,2
10931,3
10932,8
10933,4
10934,8
10935,2
10936,4
10937,4
10938,9
10939,0
10940,7
10941,0
10942,1
10943,3
10944,1
10945,4
10946,6
10947,4
10948,3
10949,1
10950,7
10951,3
10952,3
10953,1
10954,0
10955,1
10956,3
10957,6
10958,0
10959,3
10960,9
10961,9
10962,6
10963,7
10964,4
10965,0
10966,7
10967,6
10968,0
10969,0
10970,1
10971,0
10972,7
10973,2
10974,9
10975,9
10976,5
10977,8
10978,8
10979,6
10980,9
10981,8
10982,2
10983,8
10984,7
10985,2
10986,2
10987,8
10988,7
10989,7
10990,3
10991,6
10992,4
10993,9
10994,7
10995,6
10996,5
10997,8
10998,8
10999,9
11000,9
11001,3
11002,2
11003,4
11004,0
11005,5
11006,7
11007,2
11008,5
11009,2
11010,7
11011,2
11012,8
11013,5
11014,2
11015,9
11016,4
11017,8
11018,4
11019,2
11020,0
11021,5
11022,0
11023,2
11024,4
11025,2
11026,7
11027,7
11028,3
11029,1
11030,5
11031,9
11032,8
11033,9
11034,8
11035,7
11036,9
11037,0
11038,9
11039,5
11040,6
11041,7
11042,3
11043,2
11044,7
11045,5
11046,9
11047,4
11048,2
11049,9
11050,1
11051,5
11052,0
11053,5
11054,6
11055,0
11056,8
11057,4
11058,9
11059,0
11060,9
11061,1
11062,4
11063,8
11064,8
11065,6
11066,0
11067,0
11068,2
11069,3
11070,3
11071,2
11072,0
11073,6
11074,1
11075,1
11076,5
11077,6
11078,3
11079,7
11080,5
11081,9
11082,9
11083,1
11084,7
11085,7
11086,6
11087,0
11088,7
11089,9
11090,6
11091,1
11092,2
11093,8
11094,0
11095,8
11096,0
11097,1
11098,4
11099,3
11100,9
11101,4
11102,1
11103,6
11104,0
11105,5
11106,7
11107,0
11108,2
11109,3
11110,0
11111,7
11112,6
11113,0
11114,0
11115,3
11116,6
11117,6
11118,7
11119,5
11120,2
11121,1
11122,4
11123,7
11124,1
11125,8
11126,7
11127,4
11128,3
11129,1
11130,8
11131,7
11132,1
11133,0
11134,0
11135,4
11136,7
11137,5
11138,5
11139,3
11140,5
11141,3
11142,8
11143,0
11144,6
11145,5
11146,2
11147,1
11148,2
11149,4
11150,3
11151,8
11152,1
11153,0
11154,3
11155,3
11156,3
11157,3
11158,5
11159,8
11160,8
11161,5
11162,2
11163,4
11164,1
11165,0
11166,0
11167,0
11168,4
11169,1
11170,9
11171,5
11172,0
11173,0
11174,5
11175,9
11176,7
11177,6
11178,2
11179,4
11180,3
11181,0
11182,6
11183,4
11184,2
11185,0
11186,1
11187,3
11188,3
11189,0
11190,6
11191,1
11192,8
11193,2
11194,0
11195,0
11196,7
11197,0
11198,1
11199,5
11200,0
11201,2
11202,1
11203,1
11204,7
11205,4
11206,4
11207,5
11208,9
11209,0
11210,5
11211,9
11212,8
11213,4
11214,3
11215,3
11216,1
11217,7
11218,9
11219,6
11220,5
11221,1
11222,5
11223,0
11224,1
11225,3
11226,7
11227,8
11228,0
11229,5
11230,6
11231,0
11232,2
11233,3
11234,8
11235,1
11236,7
11237,3
11238,3
11239,4
11240,9
11241,9
11242,6
11243,6
11244,9
11245,9
11246,8
11247,8
11248,6
11249,7
11250,6
11251,8
11252,5
11253,5
11254,2
11255,1
11256,0
11257,7
11258,0
11259,4
11260,5
11261,0
11262,6
11263,6
11264,1
11265,4
11266,0
11267,9
11268,2
11269,8
11270,0
11271,2
11272,8
11273,4
11274,4
11275,7
11276,0
11277,9
11278,8
11279,0
11280,8
11281,2
11282,5
11283,4
11284,3
11285,4
11286,6
11287,9
11288,0
11289,3
11290,9
11291,6
11292,4
11293,0
11294,3
11295,9
11296,2
11297,2
11298,7
11299,7
11300,1
11301,4
11302,0
11303,1
11304,9
11305,3
11306,0
11307,3
11308,3
11309,4
11310,1
11311,9
11312,3
11313,2
11314,9
11315,8
11316,7
11317,1
11318,0
11319,0
11320,1
11321,3
11322,3
11323,8
11324,8
11325,3
11326,2
11327,4
11328,5
11329,9
11330,5
11331,4
11332,3
11333,1
11334,2
11335,5
11336,0
11337,8
11338,1
11339,4
11340,9
11341,2
11342,0
11343,7
11344,1
11345,5
11346,7
11347,3
11348,1
11349,0
11350,2
11351,3
11352,2
11353,3
11354,2
11355,7
11356,0
11357,3
11358,8
11359,1
11360,2
11361,0
11362,0
11363,9
11364,6
11365,7
11366,5
11367,2
11368,3
11369,8
11370,3
11371,0
11372,2
11373,9
11374,7
11375,5
11376,7
11377,6
11378,7
11379,5
11380,2
11381,0
11382,8
11383,4
11384,4
11385,8
11386,6
11387,4
11388,3
11389,7
11390,3
11391,3
11392,3
11393,6
11394,4
11395,8
11396,0
11397,5
11398,8
11399,6
11400,4
11401,7
11402,6
11403,6
11404,8
11405,4
11406,9
11407,6
11408,1
11409,3
11410,9
11411,5
11412,6
11413,3
11414,7
11415,8
11416,0
11417,2
11418,3
11419,5
11420,4
11421,7
11422,5
11423,2
11424,8
11425,1
11426,6
11427,4
11428,0
11429,1
11430,2
11431,6
11432,4
11433,3
11434,7
11435,5
11436,2
11437,6
11438,5
11439,6
11440,2
11441,3
11442,9
11443,9
11444,2
11445,8
11446,4
11447,9
11448,1
11449,3
11450,2
11451,6
11452,0
11453,6
11454,2
11455,4
11456,4
11457,4
11458,6
11459,9
11460,0
11461,9
11462,9
11463,4
11464,1
11465,9
11466,5
11467,9
11468,1
11469,6
11470,7
11471,7
11472,4
11473,5
11474,8
11475,4
11476,9
11477,0
11478,9
11479,9
11480,4
11481,4
11482,0
11483,7
11484,8
11485,5
11486,2
11487,0
11488,9
11489,4
11490,7
11491,7
11492,8
11493,9
11494,7
11495,7
11496,8
11497,9
11498,9
11499,1
11500,8
11501,6
11502,4
11503,0
11504,3
11505,9
11506,3
11507,8
11508,3
11509,2
11510,3
11511,3
11512,1
11513,0
11514,4
11515,5
11516,7
11517,7
11518,0
11519,9
11520,7
11521,0
11522,8
11523,1
11524,1
11525,3
11526,3
11527,4
11528,3
11529,9
11530,7
11531,9
11532,4
11533,7
11534,0
11535,1
11536,1
11537,5
11538,7
11539,0
11540,5
11541,0
11542,4
11543,4
11544,2
11545,0
11546,6
11547,1
11548,3
11549,3
11550,6
11551,0
11552,1
11553,3
11554,2
11555,3
11556,8
11557,3
11558,1
11559,2
11560,3
11561,5
11562,4
11563,4
11564,5
11565,3
11566,6
11567,2
11568,0
11569,4
11570,2
11571,9
11572,4
11573,3
11574,9
11575,0
11576,2
11577,4
11578,7
11579,2
11580,5
11581,5
11582,3
11583,0
11584,0
11585,2
11586,6
11587,4
11588,7
11589,3
11590,4
11591,8
11592,3
11593,0
11594,3
11595,8
11596,0
11597,1
11598,3
11599,4
11600,1
11601,3
11602,4
11603,3
11604,1
11605,1
11606,7
11607,5
11608,2
11609,8
11610,4
11611,7
11612,5
11613,8
11614,8
11615,9
11616,6
11617,8
11618,9
11619,3
11620,0
11621,6
11622,5
11623,1
11624,6
11625,5
11626,5
11627,7
11628,6
11629,3
11630,6
11631,1
11632,4
11633,1
11634,5
11635,8
11636,3
11637,6
11638,7
11639,6
11640,9
11641,9
11642,8
11643,9
11644,7
11645,8
11646,5
11647,8
11648,5
11649,5
11650,6
11651,2
11652,8
11653,5
11654,2
11655,9
11656,9
11657,4
11658,5
11659,7
11660,4
11661,1
11662,2
11663,9
11664,5
11665,3
11666,5
11667,6
11668,9
11669,3
11670,3
11671,5
11672,4
11673,0
11674,4
11675,2
11676,7
11677,0
11678,5
11679,9
11680,7
11681,8
11682,1
11683,4
11684,0
11685,6
11686,5
11687,9
11688,6
11689,6
11690,1
11691,9
11692,4
11693,1
11694,0
11695,4
11696,4
11697,3
11698,0
11699,8
11700,3
11701,4
11702,2
11703,5
11704,0
11705,0
11706,4
11707,7
11708,1
11709,0
11710,5
11711,8
11712,1
11713,8
11714,7
11715,9
11716,8
11717,4
11718,5
11719,0
11720,0
11721,5
11722,6
11723,6
11724,2
11725,6
11726,2
11727,5
11728,9
11729,3
11730,8
11731,2
11732,8
11733,0
11734,7
11735,0
11736,0
11737,3
11738,1
11739,4
11740,4
11741,4
11742,2
11743,9
11744,3
11745,5
11746,7
11747,1
11748,6
11749,2
11750,6
11751,8
11752,1
11753,1
11754,5
11755,9
11756,6
11757,8
11758,3
11759,2
11760,4
11761,3
11762,8
11763,8
11764,0
11765,4
11766,6
11767,7
11768,1
11769,7
11770,9
11771,4
11772,6
11773,3
11774,4
11775,0
11776,8
11777,0
11778,2
11779,3
11780,0
11781,1
11782,6
11783,0
11784,4
11785,5
11786,2
11787,8
11788,3
11789,6
11790,7
11791,3
11792,5
11793,2
11794,4
11795,7
11796,8
11797,3
11798,5
11799,6
11800,0
11801,2
11802,6
11803,8
11804,5
11805,8
11806,0
11807,9
11808,4
11809,3
11810,2
11811,0
11812,3
11813,0
11814,4
11815,8
11816,2
11817,5
11818,8
11819,7
11820,8
11821,3
11822,5
11823,8
11824,6
11825,6
11826,3
11827,3
11828,7
11829,2
11830,4
11831,4
11832,9
11833,4
11834,5
11835,2
11836,2
11837,2
11838,5
11839,3
11840,2
11841,5
11842,9
11843,6
11844,7
11845,4
11846,4
11847,5
11848,8
11849,5
11850,7
11851,9
11852,3
11853,4
11854,5
11855,3
11856,5
11857,2
11858,8
11859,0
11860,8
11861,8
11862,2
11863,1
11864,1
11865,3
11866,0
11867,7
11868,5
11869,8
11870,6
11871,5
11872,9
11873,8
11874,6
11875,3
11876,5
11877,3
11878,8
11879,7
11880,5
11881,1
11882,3
11883,5
11884,6
11885,3
11886,7
11887,9
11888,2
11889,9
11890,1
11891,4
11892,6
11893,7
11894,0
11895,0
11896,8
11897,0
11898,0
11899,7
11900,3
11901,5
11902,5
11903,6
11904,7
11905,6
11906,0
11907,0
11908,9
11909,4
11910,6
11911,3
11912,0
11913,9
11914,7
11915,3
11916,4
11917,0
11918,0
11919,0
11920,4
11921,8
11922,3
11923,3
11924,4
11925,5
11926,9
11927,2
11928,9
11929,1
11930,4
11931,1
11932,5
11933,5
11934,5
11935,1
11936,9
11937,4
11938,9
11939,4
11940,7
11941,4
11942,7
11943,8
11944,1
11945,4
11946,2
11947,4
11948,7
11949,7
11950,5
11951,0
11952,7
11953,9
11954,3
11955,9
11956,9
11957,9
11958,6
11959,1
11960,3
11961,6
11962,5
11963,9
11964,1
11965,9
11966,8
11967,7
11968,8
11969,1
11970,8
11971,1
11972,0
11973,3
11974,2
11975,9
11976,3
11977,7
11978,2
11979,8
11980,2
11981,4
11982,3
11983,4
11984,3
11985,9
11986,9
11987,4
11988,0
11989,9
11990,5
11991,9
11992,4
11993,9
11994,5
11995,4
11996,4
11997,2
11998,9
11999,4
12000,0
12001,9
12002,4
12003,4
12004,6
12005,6
12006,2
12007,7
12008,2
12009,0
12010,1
12011,6
12012,5
12013,7
12014,2
12015,8
12016,2
12017,4
12018,5
12019,3
12020,6
12021,8
12022,8
12023,5
12024,8
12025,0
12026,8
12027,7
12028,9
12029,4
12030,0
12031,1
12032,2
12033,3
12034,9
12035,5
12036,6
12037,9
12038,7
12039,2
12040,6
12041,6
12042,9
12043,5
12044,1
12045,5
12046,9
12047,0
12048,9
12049,9
12050,1
12051,4
12052,0
12053,3
12054,3
12055,0
12056,7
12057,9
12058,9
12059,4
12060,9
12061,7
12062,2
12063,2
12064,1
12065,6
12066,6
12067,4
12068,3
12069,7
12070,4
12071,9
12072,6
12073,8
12074,2
12075,2
12076,5
12077,5
12078,0
12079,6
12080,4
12081,4
12082,4
12083,8
12084,6
12085,6
12086,8
12087,3
12088,9
12089,9
12090,5
12091,4
12092,8
12093,3
12094,9
12095,6
12096,6
12097,7
12098,4
12099,9
12100,6
12101,7
12102,6
12103,0
12104,2
12105,6
12106,4
12107,1
12108,2
12109,1
12110,4
12111,7
12112,9
12113,7
12114,5
12115,7
12116,4
12117,4
12118,4
12119,0
12120,5
12121,6
12122,5
12123,4
12124,5
12125,4
12126,6
12127,8
12128,4
12129,7
12130,1
12131,4
12132,3
12133,1
12134,2
12135,6
12136,4
12137,3
12138,8
12139,0
12140,2
12141,8
12142,7
12143,6
12144,1
12145,5
12146,5
12147,9
12148,6
12149,5
12150,6
12151,0
12152,0
12153,9
12154,7
12155,9
12156,5
12157,2
12158,6
12159,8
12160,8
12161,8
12162,3
12163,2
12164,2
12165,0
12166,3
12167,0
12168,7
12169,9
12170,9
12171,6
12172,8
12173,4
12174,2
12175,1
12176,1
12177,8
12178,6
12179,8
12180,3
12181,4
12182,8
12183,3
12184,7
12185,6
12186,6
12187,4
12188,4
12189,1
12190,4
12191,8
12192,6
12193,0
12194,7
12195,4
12196,6
12197,3
12198,6
12199,9
12200,5
12201,3
12202,1
12203,6
12204,9
12205,3
12206,3
12207,3
12208,6
12209,8
12210,9
12211,0
12212,7
12213,1
12214,3
12215,2
12216,3
12217,4
12218,6
12219,4
12220,9
12221,4
12222,6
12223,4
12224,0
12225,7
12226,4
12227,3
12228,0
12229,9
12230,9
12231,9
12232,4
12233,4
12234,4
12235,8
12236,1
12237,7
12238,4
12239,6
12240,7
12241,4
12242,0
12243,8
12244,5
12245,9
12246,1
12247,7
12248,1
12249,1
12250,5
12251,4
12252,4
12253,2
12254,1
12255,4
12256,9
12257,0
12258,5
12259,8
12260,8
12261,0
12262,8
12263,3
12264,7
12265,8
12266,6
12267,0
12268,5
12269,9
12270,0
12271,8
12272,1
12273,9
12274,0
12275,8
12276,1
12277,1
12278,8
12279,3
12280,2
12281,6
12282,0
12283,0
12284,0
12285,4
12286,3
12287,1
12288,1
12289,7
12290,3
12291,5
12292,2
12293,4
12294,6
12295,1
12296,2
12297,4
12298,8
12299,4
12300,9
12301,9
12302,5
12303,9
12304,6
12305,7
12306,5
12307,7
12308,5
12309,3
12310,5
12311,8
12312,3
12313,2
12314,8
12315,5
12316,0
12317,1
12318,1
12319,3
12320,8
12321,4
12322,4
12323,3
12324,1
12325,7
12326,4
12327,9
12328,0
12329,8
12330,3
12331,0
12332,3
12333,8
12334,3
12335,9
12336,5
12337,7
12338,5
12339,9
12340,8
12341,4
12342,3
12343,4
12344,2
12345,7
12346,4
12347,3
12348,4
12349,2
12350,6
12351,4
12352,3
12353,8
12354,3
12355,2
12356,7
12357,4
12358,5
12359,4
12360,7
12361,6
12362,1
12363,0
12364,0
12365,3
12366,6
12367,7
12368,4
12369,3
12370,2
12371,5
12372,2
12373,0
12374,8
12375,3
12376,0
12377,7
12378,4
12379,1
12380,5
12381,8
12382,5
12383,3
12384,8
12385,3
12386,3
12387,5
12388,3
12389,4
12390,3
12391,5
12392,4
12393,0
12394,5
12395,7
12396,3
12397,7
12398,4
12399,1
12400,0
12401,8
12402,8
12403,3
12404,3
12405,6
12406,9
12407,1
12408,4
12409,7
12410,1
12411,4
12412,5
12413,9
12414,4
12415,6
12416,8
12417,8
12418,1
12419,1
12420,0
12421,5
12422,7
12423,8
12424,6
12425,3
12426,5
12427,8
12428,3
12429,2
12430,9
12431,1
12432,4
12433,4
12434,0
12435,9
12436,8
12437,1
12438,9
12439,2
12440,3
12441,5
12442,1
12443,2
12444,5
12445,7
12446,1
12447,6
12448,3
12449,3
12450,4
12451,0
12452,1
12453,0
12454,7
12455,3
12456,9
12457,7
12458,0
12459,1
12460,1
12461,4
12462,3
12463,7
12464,3
12465,0
12466,4
12467,8
12468,1
12469,3
12470,5
12471,9
12472,9
12473,6
12474,1
12475,5
12476,6
12477,2
12478,3
12479,4
12480,6
12481,5
12482,2
12483,7
12484,0
12485,2
12486,6
12487,0
12488,7
12489,1
12490,5
12491,1
12492,1
12493,7
12494,6
12495,4
12496,8
12497,9
12498,1
12499,3
